49.9158795 358.9818847
49.9158949 358.98057
49.9159516 358.9826324
49.9159555 358.9790149
49.9159599 358.9832611
49.9160264 358.9840058
49.9160369 358.9836505
49.916075 358.9852733
49.9161333 358.9759317
49.9162564 358.9752981
49.9162766 358.9745684
49.9163868 358.9874938
49.9164518 358.9893835
49.9164636 358.9881576
49.9164712 358.9915906
49.9164996 358.9905915
49.9165552 358.9738044
49.9165758 358.9920262
49.9167456 358.972936
49.9167542 358.9926042
49.9168653 358.9940501
49.9170377 358.971615
49.9172058 358.9985061
49.917229 358.9971931
49.9172373 358.9956691
49.9173869 358.9700233
49.9179381 358.967799
49.9179561 358.9682413
49.918016 358.9680849
49.9182591 358.9665838
49.9186001 358.9645709
49.9186648 358.9649796
49.9186652 358.9649231
49.9188424 358.9635008
49.9188512 358.9634815
49.9191031 358.9629332
49.919278 358.9624397
49.9194856 358.961854
49.9194932 358.9618325
49.9199231 358.9606072
49.9201185 358.9599723
49.9202613 358.9595217
49.920618 358.9583823
49.9207987 358.9578036
49.9210328 358.957004
49.9210965 358.9564719
49.921202 358.9560278
49.921444 358.9552753
49.9215144 358.9548462
49.9215651 358.9544378
49.921596 358.9537966
49.9216402 358.953214
49.9217133 358.9527372
49.9217723 358.95212
49.9218342 358.9517328
49.9218935 358.9514277
49.9219586 358.951004
49.9220157 358.9506086
49.9222259 358.950007
49.9223138 358.949554
49.9223485 358.9490137
49.9228395 358.9476764
49.9229462 358.9139981
49.9229528 358.9141279
49.9229862 358.914038
49.9230001 358.9138937
49.9230292 358.9139248
49.9230402 358.9138814
49.9230447 358.9138914
49.9230534 358.9138557
49.9230761 358.9138769
49.9231645 358.9134415
49.9231772 358.9136028
49.9232119 358.9461809
49.923233 358.913518
49.9232479 358.9145197
49.9232687 358.9135517
49.923274 358.9145519
49.923282 358.9131247
49.9232847 358.9135549
49.9232889 358.9455376
49.9232917 358.9144481
49.9232957 358.9135719
49.9233001 358.9144458
49.9233083 358.9144574
49.9233089 358.9144731
49.9233119 358.9137185
49.9233251 358.9136012
49.9233262 358.9136856
49.9233345 358.9136006
49.923346 358.9131834
49.9233511 358.9136868
49.9233692 358.9131875
49.92337 358.9136639
49.9233719 358.9136335
49.923373 358.9136393
49.9233795 358.9131818
49.9233863 358.9131996
49.9233863 358.9131871
49.9233972 358.9132286
49.9234047 358.9132348
49.9234164 358.9452631
49.9234189 358.9132346
49.9234297 358.9132384
49.9234365 358.913236
49.9234395 358.9450307
49.9234437 358.9132407
49.9234465 358.9132522
49.923453 358.9132771
49.9234533 358.9132613
49.9234582 358.9147966
49.9235042 358.9147409
49.9235103 358.9148675
49.9235105 358.9133295
49.9235156 358.9147344
49.923528 358.9147344
49.9235357 358.9147424
49.9235359 358.9133538
49.9235401 358.9147843
49.9235412 358.9147509
49.9235431 358.9147626
49.9235459 358.9133395
49.9235473 358.9133222
49.9235528 358.91323
49.9235749 358.9132491
49.9235891 358.944701
49.92366 358.9443588
49.9236955 358.9122766
49.9236964 358.9126791
49.9236973 358.9122367
49.9237036 358.9123066
49.9237338 358.912751
49.923751 358.9125187
49.9237519 358.9124215
49.9237563 358.9125211
49.9237693 358.9123652
49.9237776 358.912445
49.9238459 358.9118344
49.9239431 358.9120466
49.9239783 358.9120764
49.9239788 358.9119397
49.924013 358.9119695
49.9240749 358.9121577
49.9241139 358.9421523
49.9241139 358.9120532
49.924139 358.9122132
49.924168 358.9413364
49.9241763 358.9121104
49.9241793 358.941687
49.9242595 358.9412454
49.9242764 358.9159217
49.924284 358.9159053
49.9243036 358.915961
49.9243134 358.9159463
49.924325 358.9407239
49.9243885 358.9124618
49.9244336 358.9123243
49.9244498 358.9125113
49.9244846 358.9124099
49.9245394 358.9162656
49.9246747 358.9391195
49.9247234 358.9125946
49.9247588 358.9386712
49.9248223 358.9157626
49.9248471 358.9126862
49.9248908 358.91572
49.9248935 358.9158578
49.9249323 358.9156532
49.9249346 358.9157834
49.9249516 358.915534
49.9249727 358.9157105
49.9249953 358.9154638
49.925023 358.9156277
49.9250275 358.9373833
49.9251621 358.9129876
49.9253214 358.9361505
49.9253242 358.9131276
49.9254517 358.935604
49.9254557 358.9138514
49.925603 358.9133743
49.9257115 358.9347075
49.9258627 358.9341074
49.9259211 358.9142501
49.9259423 358.9143119
49.9259438 358.9142709
49.9259446 358.9142937
49.9259457 358.9143264
49.9261261 358.9144804
49.9261415 358.9144425
49.9261523 358.9153131
49.9262351 358.9145086
49.9262507 358.9329742
49.926299 358.9145494
49.9264273 358.9146112
49.9264855 358.9186277
49.926488 358.9187357
49.9264904 358.9188384
49.9265159 358.9188374
49.926516 358.9186289
49.9265553 358.9188364
49.9265602 358.9186273
49.9265615 358.9188275
49.9265723 358.9186268
49.926574 358.918828
49.9265812 358.9188302
49.9265832 358.9186236
49.9265873 358.9188324
49.9265948 358.9186203
49.926595 358.918834
49.9266013 358.9188371
49.9266016 358.9186179
49.9266017 358.931865
49.9266071 358.9188407
49.9266105 358.9186126
49.9266163 358.9188492
49.9266169 358.918603
49.9266241 358.9185898
49.9266248 358.9188583
49.9266316 358.9185759
49.9266335 358.9188701
49.9266369 358.9185196
49.9266382 358.914676
49.9266405 358.9188817
49.9266409 358.9185612
49.9266471 358.918897
49.9266496 358.9189123
49.9266515 358.9185361
49.9266523 358.9189639
49.9266556 358.9190961
49.9266557 358.9191247
49.9266635 358.9184709
49.9266639 358.9194399
49.9266685 358.9195845
49.9266722 358.9196432
49.9266751 358.9197125
49.9266762 358.9197857
49.9266771 358.9196426
49.9266788 358.9196404
49.9266801 358.9196264
49.9266806 358.919896
49.9266829 358.9196202
49.9266959 358.9196197
49.9266983 358.9195843
49.9266986 358.919616
49.9266996 358.9199299
49.9267009 358.9195908
49.9267011 358.9196101
49.9267181 358.9199021
49.9267411 358.919962
49.9267456 358.9183073
49.9267598 358.9199952
49.926771 358.920002
49.9268167 358.9146829
49.9268475 358.9200033
49.9268642 358.9146763
49.9268664 358.9199821
49.9268779 358.9180303
49.9268802 358.9200019
49.9269254 358.9146734
49.9269574 358.9199963
49.9269713 358.9199804
49.9269849 358.9199957
49.9270303 358.9177196
49.9270686 358.9199923
49.9270965 358.9199894
49.9270999 358.9199959
49.9271227 358.9199877
49.927237 358.9146271
49.9272644 358.9151655
49.9273094 358.9197817
49.9273519 358.9170594
49.927358 358.914611
49.9273682 358.9151528
49.927393 358.915152
49.9274247 358.9151627
49.9274332 358.9145986
49.9274511 358.9151851
49.9274684 358.9152088
49.9274705 358.9145947
49.9274747 358.9152082
49.9274968 358.9152539
49.9275041 358.9154271
49.9275044 358.9145937
49.9275045 358.915611
49.9275056 358.9156797
49.9275081 358.9156832
49.9275105 358.9156796
49.9275115 358.9156786
49.9275117 358.9153024
49.9275143 358.9167324
49.9275158 358.9156799
49.9275179 358.9154275
49.9275181 358.9156868
49.9275186 358.9153506
49.9275197 358.9156925
49.9275205 358.9157068
49.9275219 358.9160384
49.9275397 358.9145918
49.927554 358.9160415
49.9275605 358.9195058
49.9275613 358.9160463
49.9275619 358.9166339
49.9275658 358.9160618
49.9275668 358.9162956
49.9275669 358.9166236
49.9275686 358.9165248
49.9275694 358.9166026
49.9275859 358.9292794
49.9275994 358.9145774
49.9276006 358.9145576
49.9277777 358.9145308
49.9277798 358.9145439
49.9277799 358.9192661
49.9277887 358.9145509
49.9279639 358.9189364
49.927982 358.9145103
49.9280254 358.9280939
49.9280744 358.9187385
49.9281003 358.914479
49.9281275 358.9144742
49.9281398 358.9144721
49.9281534 358.914465
49.9281559 358.918568
49.9281601 358.9144596
49.9281612 358.9185758
49.9281696 358.9144503
49.9281786 358.9144377
49.9281815 358.9185228
49.9281879 358.9144254
49.9281884 358.9185289
49.9282029 358.9143993
49.9282331 358.9143317
49.928254 358.9184112
49.9283449 358.9141424
49.9284433 358.9180749
49.9284437 358.9180356
49.9284608 358.9180085
49.9284774 358.9141031
49.9284787 358.9180082
49.928494 358.9179821
49.9284987 358.9174162
49.9284991 358.9174457
49.9285005 358.917465
49.9285027 358.9174812
49.9285031 358.9173895
49.928505 358.9179118
49.9285086 358.91737
49.9285099 358.9175035
49.9285161 358.9173536
49.9285171 358.9175193
49.9285189 358.9179299
49.9285239 358.9173378
49.9285244 358.9175322
49.9285347 358.9173245
49.9285383 358.9175526
49.9285436 358.917314
49.9285545 358.9173036
49.9285657 358.9172959
49.928576 358.917745
49.9285853 358.9172914
49.9285973 358.9172907
49.9285988 358.9140629
49.9286112 358.9172926
49.928617 358.9176552
49.9286295 358.9173019
49.9286446 358.9140475
49.9286518 358.9173219
49.9286559 358.9141611
49.9286629 358.9142082
49.9286671 358.9142258
49.9286735 358.9142438
49.928683 358.9142581
49.9286904 358.9142669
49.9286985 358.9142729
49.9287112 358.9142803
49.9287293 358.9142834
49.9287298 358.9264363
49.9287427 358.9173882
49.9287475 358.9142785
49.9287678 358.917278
49.9287769 358.9171943
49.9287821 358.9172266
49.9287935 358.9171797
49.9288236 358.9170103
49.9288316 358.9170361
49.9288396 358.9169939
49.9288471 358.9168674
49.928853 358.916787
49.928866 358.916736
49.9288837 358.9167362
49.9288915 358.9167419
49.9289076 358.9167001
49.9289219 358.9166345
49.9289683 358.9138497
49.928983 358.9140871
49.9289857 358.9140134
49.9289971 358.9141903
49.9289985 358.9140831
49.9290004 358.9163165
49.9290508 358.9161021
49.9290762 358.9138068
49.929097 358.9159095
49.9291484 358.9157053
49.9291819 358.9155658
49.9291914 358.915527
49.9291936 358.9155074
49.9291962 358.915498
49.9292026 358.9154867
49.9292057 358.9137464
49.9292068 358.9154836
49.9292135 358.9154842
49.929231 358.915494
49.9292472 358.9154934
49.929278 358.915438
49.9292992 358.9154262
49.9293672 358.9137129
49.9294101 358.9248806
49.9294751 358.9137037
49.9295071 358.9136987
49.9295303 358.9137047
49.9295574 358.9138452
49.9295579 358.9138925
49.9295594 358.9138613
49.929579 358.915137
49.92958 358.9138932
49.9295933 358.9139822
49.929767 358.914946
49.929785 358.914937
49.9299149 358.913869
49.929963 358.914888
49.9301016 358.9234751
49.9302204 358.9147961
49.9302465 358.9137514
49.9302515 358.9147981
49.9304446 358.9137773
49.9304971 358.9147948
49.9306058 358.9223942
49.9306526 358.9137706
49.9306542 358.9147914
49.9306585 358.9148115
49.9307493 358.9137706
49.930852 358.914804
49.9309861 358.9137776
49.931059 358.914796
49.931105 358.914794
49.931123 358.914793
49.9311425 358.9213477
49.9312035 358.9137828
49.93124 358.914797
49.931351 358.9148
49.931477 358.914802
49.9315306 358.9138102
49.93159 358.914805
49.9316372 358.9138209
49.931651 358.914806
49.931704 358.9138209
49.9317181 358.9201434
49.9317329 358.9138312
49.9317795 358.9138328
49.931783 358.914841
49.9317849 358.9138255
49.931788 358.914843
49.9317905 358.9138339
49.931885 358.914869
49.931933 358.914882
49.9319683 358.9138524
49.932044 358.914932
49.9321485 358.9139
49.9321506 358.9138879
49.932161 358.914985
49.9321618 358.9139034
49.9321653 358.9139141
49.9321696 358.9139262
49.9321757 358.9139389
49.932183 358.9139503
49.9321908 358.913957
49.9321972 358.913963
49.932207 358.91397
49.9322199 358.9190934
49.9322227 358.9139751
49.932227 358.915015
49.9322344 358.9139758
49.932246 358.9139748
49.9322572 358.9139697
49.9322644 358.9139624
49.9322754 358.913949
49.9322895 358.9139227
49.9323105 358.9136196
49.9323141 358.913837
49.932329 358.915061
49.9323641 358.9136713
49.932395 358.915091
49.9324223 358.9133347
49.9324491 358.9151204
49.9324547 358.9152304
49.9324785 358.9151412
49.9325134 358.9185006
49.9325468 358.9130301
49.9326037 358.9153397
49.9326348 358.9130179
49.9326369 358.9130369
49.9327077 358.9128433
49.9327245 358.9154289
49.9327618 358.9131879
49.9327674 358.9132073
49.9327683 358.9132248
49.9327687 358.9131631
49.9327722 358.913212
49.9327722 358.9131939
49.932788 358.9154738
49.9327937 358.9132455
49.9328028 358.9131267
49.9328102 358.9132496
49.9328222 358.9130786
49.9328257 358.9132449
49.9328277 358.915508
49.9328352 358.9132393
49.9328455 358.9132274
49.9328484 358.9178774
49.9328607 358.9131899
49.9328651 358.913178
49.9328747 358.9132093
49.932876 358.915561
49.9328761 358.9132053
49.9328775 358.9131074
49.9328805 358.913214
49.9328809 358.9131188
49.9328814 358.9131916
49.9328818 358.9131309
49.9328844 358.9131828
49.9328904 358.9131872
49.9329763 358.9121739
49.9330288 358.91574
49.9330328 358.9157445
49.9332279 358.9173314
49.9332463 358.91149
49.9332988 358.916044
49.933329 358.9159741
49.9334239 358.9112127
49.9334944 358.9118069
49.9336076 358.9162999
49.9336136 358.9114863
49.9336159 358.9109316
49.9336185 358.9109142
49.9336301 358.9168003
49.933655 358.910914
49.9336737 358.9115432
49.9336866 358.9163932
49.9337066 358.9166802
49.9337302 358.9114998
49.9337524 358.9120499
49.9337828 358.9165025
49.9337877 358.9116505
49.9338343 358.9109786
49.9338498 358.9110939
49.933863 358.9109452
49.9338713 358.9168735
49.9338714 358.9117368
49.9338757 358.9110282
49.9338871 358.9168807
49.9339035 358.916879
49.9339047 358.9109147
49.9339167 358.9168765
49.9339318 358.9168703
49.9339429 358.9109018
49.9339458 358.9168575
49.9339531 358.9168461
49.9339538 358.9109123
49.9339538 358.9109123
49.9339635 358.916824
49.9339693 358.9112242
49.9339695 358.9167933
49.9339702 358.9167841
49.9339801 358.9167345
49.9340012 358.9111632
49.9340263 358.9111927
49.9340379 358.9109927
49.9340435 358.9111732
49.9340444 358.9109969
49.9340574 358.9110814
49.934103 358.911412
49.9341121 358.9169545
49.9341592 358.9169497
49.934192 358.911532
49.934228 358.911739
49.9342347 358.9171472
49.9342503 358.9171168
49.9342504 358.9170602
49.934252 358.911689
49.934256 358.911683
49.934257 358.911691
49.934259 358.911687
49.934278 358.911644
49.934286 358.9051538
49.9342874 358.9172174
49.9343041 358.9172358
49.9343149 358.9172389
49.9343314 358.9171475
49.9343329 358.9172238
49.934337 358.9171541
49.9343483 358.9171515
49.9344067 358.9172158
49.9344086 358.9172379
49.934427 358.917143
49.934475 358.912059
49.9344951 358.917139
49.9345246 358.90591
49.934659 358.9172161
49.9346603 358.9171294
49.934684 358.91233
49.934793 358.912316
49.9347945 358.9171133
49.934817 358.912348
49.934828 358.912516
49.9348545 358.9171943
49.934855 358.912552
49.9348679 358.917106
49.934874 358.912422
49.9348996 358.9036473
49.9349275 358.917106
49.934933 358.912499
49.9349383 358.9171945
49.934939 358.912507
49.934944 358.912513
49.9350286 358.9171128
49.9350289 358.9170992
49.9350911 358.917116
49.9350917 358.9171013
49.935222 358.912896
49.935229 358.912905
49.935229 358.912885
49.935232 358.912908
49.935234 358.912905
49.935238 358.912897
49.9353404 358.9015996
49.9353617 358.917126
49.9354738 358.8989224
49.935477 358.913216
49.9355507 358.9171341
49.9355725 358.9172674
49.935574 358.9172225
49.9355781 358.9172848
49.9355865 358.9172902
49.935677 358.9172952
49.9357882 358.9171443
49.9357928 358.9173039
49.9357945 358.9174144
49.9357962 358.9174426
49.9358006 358.8974638
49.935807 358.9174714
49.9358299 358.9174902
49.9358515 358.9174962
49.9358675 358.9137361
49.9358727 358.9138088
49.9358761 358.9138263
49.9358783 358.9137988
49.935883 358.9138296
49.9359749 358.9175016
49.935975 358.914001
49.9360504 358.9148682
49.9360673 358.9149733
49.9360777 358.9149733
49.9361713 358.9155486
49.9362227 358.9175049
49.93623 358.9155191
49.936243 358.894541
49.9365115 358.893551
49.9366581 358.8931996
49.9367684 358.8927383
49.9368079 358.9175224
49.9370082 358.8920543
49.9370105 358.911013
49.9370131 358.9106964
49.9370436 358.8920642
49.937101 358.8920685
49.9376482 358.8908341
49.9376722 358.8908482
49.9377692 358.9175442
49.937782 358.9175408
49.9377977 358.9175287
49.9378027 358.9171925
49.937807 358.917512
49.9378114 358.9171998
49.9378143 358.9174935
49.9378174 358.9172092
49.93782 358.917236
49.93782 358.917222
49.9378204 358.9174724
49.9378206 358.9173587
49.9379036 358.8904284
49.9381314 358.8901232
49.9383553 358.8896094
49.938523 358.8893596
49.9386153 358.8889117
49.9386259 358.8890427
49.9386666 358.8887472
49.9389502 358.8877185
49.9389857 358.8881517
49.9390143 358.8880737
49.939139 358.8875339
49.9393356 358.8871097
49.939436 358.8865506
49.9396571 358.8860842
49.9398383 358.8853788
49.9400189 358.884924
49.9403537 358.8844693
49.9419916 358.8809094
49.9428176 358.8787822
49.9432497 358.8778137
49.9437573 358.8759941
49.9437965 358.8756568
49.944047 358.8752252
49.9442916 358.8740881
49.9444771 358.8740525
49.9445919 358.8733097
49.9448519 358.8724184
49.9449857 358.8716579
49.9453145 358.8709092
49.9456013 358.8694118
49.9461672 358.8677838
49.9465993 358.8666251
49.9466299 358.8662626
49.946714 358.8660547
49.9469886 358.8658351
49.9470619 358.8649911
49.9471767 358.864385
49.9471805 358.8647177
49.9473411 358.864082
49.9478938 358.8628464
49.9483778 358.8611273
49.9488337 358.8594094
49.9492505 358.8583719
49.9495582 358.8569414
49.9501232 358.8553587
49.9504233 358.8550948
49.9505694 358.8545916
49.9508695 358.8540331
49.951067 358.8533703
49.9513276 358.8527137
49.9514235 358.8520718
49.9516841 358.8512902
49.9519622 358.8500374
49.9519923 358.8502208
49.9520856 358.849897
49.9523883 358.8493562
49.9525836 358.8484168
49.9525978 358.8485817
49.9526579 358.8481385
49.9527929 358.8480629
49.9530885 358.8462443
49.9531275 358.8468295
49.9533145 358.845955
49.9534761 358.8457089
49.9537514 358.8450319
49.9540632 358.8434915
49.9544212 358.8431198
49.9549784 358.8410558
49.9556989 358.8383042
49.9571826 358.8352344
49.9576635 358.8344875
49.958752 358.8320487
49.9594399 358.8310439
49.9599995 358.8298288
49.9625146 358.8244887
49.9643387 358.8194082
49.9658067 358.8156925
49.9665406 358.8127567
49.9667083 358.8098603
49.967253 358.8071893
49.9680544 358.80505
49.9683055 358.8045676
49.9683415 358.8044984
49.96848 358.8042324
49.9688623 358.8033346
49.9692448 358.8024364
49.9702692 358.7997832
49.9705522 358.7985473
49.9712836 358.7968906
49.9718248 358.7960259
49.9719554 358.7963066
49.9722887 358.7961362
49.9726743 358.7954581
49.9733053 358.7948621
49.9733083 358.7945397
49.9734259 358.7940778
49.9736232 358.7943158
49.9746476 358.79418
49.9760297 358.7950513
49.976102 358.7929613
49.9761111 358.7931969
49.9761853 358.7925315
49.976202 358.7949295
49.9762081 358.7932412
49.9762842 358.7934772
49.9763319 358.7922112
49.976572 358.7938999
49.9766926 358.794049
49.9767623 358.7915299
49.9768598 358.7941653
49.9768716 358.7916842
49.9770075 358.7952346
49.9770606 358.7926686
49.9770738 358.792859
49.977083 358.7942038
49.9771207 358.7929604
49.9772387 358.7930339
49.9772688 358.7940943
49.9773117 358.7907486
49.977343 358.794059
49.9773974 358.7908938
49.9774014 358.7940516
49.9774285 358.7940859
49.9774759 358.7951429
49.9774773 358.793979
49.9775514 358.7938929
49.9775641 358.7938483
49.9777586 358.7900754
49.9777984 358.7937722
49.9778091 358.7938765
49.9778327 358.7939344
49.9778446 358.7902038
49.9779315 358.7921514
49.9780288 358.793956
49.9780715 358.7940138
49.9781281 358.7948744
49.9781725 358.794141
49.9782622 358.7948471
49.9782754 358.7892734
49.9783039 358.7921503
49.9783654 358.7894136
49.9783871 358.7940857
49.9784334 358.7948749
49.9785525 358.7888573
49.9785538 358.7940875
49.9785636 358.7949963
49.9786482 358.7922848
49.9786972 358.794214
49.978797 358.7943556
49.9789255 358.7895101
49.9789448 358.794499
49.9790764 358.7957841
49.9791251 358.7928744
49.9793065 358.7950244
49.9793186 358.7929826
49.9794193 358.7963155
49.9795667 358.7954576
49.9796003 358.793481
49.9796164 358.7964892
49.9798368 358.7965329
49.9798729 358.7958924
49.9799221 358.7963991
49.9799361 358.7960126
49.979942 358.7919251
49.9799445 358.7962234
49.9799674 358.7926034
49.9799784 358.7916464
49.9800631 358.7914052
49.9801379 358.7931373
49.9801449 358.7912073
49.9805053 358.7949106
49.9806509 358.7950691
49.9807944 358.795006
49.9808498 358.7943067
49.9809313 358.7948196
49.9809395 358.7945891
49.9844537 358.7821264
49.9852071 358.7801419
49.9852657 358.7734685
49.9853271 358.7752954
49.9854244 358.7785433
49.9855779 358.7721591
49.9873211 358.7683058
49.9894771 358.7644066
49.9919083 358.7596358
49.9937891 358.7558284
49.9957173 358.7519312
49.9959452 358.7514704
49.9985599 358.747296
