1
2
3
4
5
6
7
8
9
10
11
12
13
14
15
673
674
675
676
677
678
679
680
681
682
683
684
685
686
687
688
689
690
691
692
693
694
695
696
697
698
699
700
701
702
703
704
705
706
707
708
709
710
711
712
713
714
715
716
717
718
719
720
721
722
723
724
725
726
727
728
729
730
731
732
733
734
735
736
737
738
739
740
741
742
743
744
745
746
747
748
749
750
751
752
753
754
755
756
757
758
759
760
761
762
763
764
765
766
767
768
769
770
771
772
773
774
775
776
777
778
779
780
781
782
783
784
785
786
787
788
789
790
791
792
793
794
795
796
797
798
799
800
801
802
803
804
805
806
807
808
809
810
811
812
813
814
815
816
817
818
819
820
821
822
823
824
825
826
827
828
829
830
831
832
833
834
835
836
837
838
839
840
841
842
843
844
845
846
847
848
849
850
851
852
853
854
855
856
857
858
859
860
861
862
863
864
865
866
867
868
869
870
871
872
13906
13990
14158
14648
15068
15069
15167
15503
15993
16819
16820
16821
16822
16823
16824
16825
16826
16827
16828
16829
16830
16831
16832
16833
16834
16835
16836
16837
16838
16839
16840
16841
16842
16843
16844
16845
16846
16847
16848
16849
16850
16851
16852
16853
16854
16855
16856
16857
16858
16859
16860
16861
16862
16863
16864
16865
16866
16867
16868
16869
16870
16871
16872
16873
16874
16875
16876
16877
16878
16879
16880
16881
16882
16883
16884
16885
16886
16887
16888
16889
16890
16891
16892
16893
16894
16895
16896
16897
16898
16899
16900
16901
16902
16903
16904
16905
16906
16907
16908
16909
16910
16911
16912
16913
16914
16915
16916
16917
16918
16919
16920
16921
16922
16923
16924
16925
16926
16927
16928
16929
16930
16931
16932
16933
17017
17339
18109
19047
19985
20853
21203
21511
21567
21861
22323
22533
22855
23149
23457
23933
24325
25361
25907
25908
25909
25910
26106
26442
26680
27170
27632
28052
28528
28836
29046
29550
32966
43956
62674
127774
131736
157790
301122
372886
372887
372888
372889
372890
372891
372892
372893
372894
372895
372896
372897
372898
372899
372900
372901
372902
372903
372904
372905
372906
372907
372908
372909
372910
372911
372912
372913
372914
372915
372916
372917
372918
372919
372920
372921
372922
372923
372924
372925
372926
372927
372928
372929
372930
372931
372932
372933
372934
372935
372936
372937
372938
372939
372940
372941
372942
372943
372944
372945
372946
372947
372948
372949
372950
372951
372952
372953
372954
372955
372956
372957
372958
372959
372960
372961
372962
372963
372964
372965
372966
372967
372968
372969
372970
372971
372972
372973
372974
372975
372976
372977
372978
372979
372980
372981
372982
372983
372984
372985
372986
372987
372988
372989
372990
372991
372992
372993
372994
372995
372996
372997
372998
372999
373000
373001
373002
373003
373004
373005
373006
373007
373008
373009
373010
373011
373012
373013
373014
373015
373016
373017
373018
373019
373020
373021
373022
373023
373024
373025
373026
373027
373028
373029
373030
373031
373032
373033
373034
373035
373036
373037
373038
373039
373040
373041
373042
373043
373044
373045
373046
373047
373048
373049
373050
373051
373052
373053
373054
373055
373056
373057
373058
373059
373060
373061
373062
373063
373064
373065
373066
373067
373068
373069
373070
373071
373072
373073
373074
373075
373076
373077
373078
373079
376439
382053
392777
410641
421911
421912
421913
421914
421928
422530
423860
424224
424225
424519
425681
426731
427641
428593
429489
429951
429952
429953
429954
429955
429956
429957
429958
429959
429960
429961
429962
429963
429964
429965
429966
429967
429968
429969
429970
429971
429972
429973
429974
429975
429976
429977
429978
429979
429980
429981
429982
429983
429984
429985
429986
429987
429988
429989
429990
429991
429992
429993
429994
429995
429996
429997
429998
429999
430000
430001
430002
430003
430004
430005
430006
430007
430008
430009
430010
430011
430012
430013
430014
430015
430016
430017
430018
430019
430020
430021
430022
430023
430024
430025
430026
430027
430028
430029
430030
430031
430032
430033
430034
430035
430036
430037
430038
430039
430040
430041
430042
430043
430044
430045
430046
430047
430048
430049
430050
430092
438422
446458
448614
453304
462838
485938
504306
530178
530500
530501
530502
530503
530504
530505
530506
530507
530508
530509
530510
530511
530512
530513
530514
530515
530516
530628
530978
531678
531972
531986
531987
531988
531989
531990
531991
531992
531993
531994
531995
531996
531997
536911
539249
547817
547818
547819
548729
814029
814030
814031
814032
814033
814034
814035
814036
814037
814038
814039
814040
814041
814042
814043
814044
814045
814046
814047
814048
814049
814050
814051
814052
814053
814054
814055
814056
814057
814058
814059
814060
814061
814062
814063
814064
814065
814066
814067
814068
814069
814070
814071
814072
814073
814074
814075
814076
814077
814078
814079
814080
814081
814082
814083
814084
814085
814086
814087
814088
814089
814090
814091
814092
814093
814094
814095
814096
814097
814098
814099
814100
814101
814102
814103
814104
814105
814106
814107
814108
814109
814110
814111
814112
814113
814114
814115
814116
814117
814118
814119
814120
814121
814122
814123
814124
814125
814126
814127
814128
814129
814130
814131
814132
814133
814134
814135
814136
814137
814138
814139
814140
814141
814142
814143
814144
814145
814146
814147
814148
814149
814150
814151
814152
814153
814154
814155
814156
814157
814158
814159
814160
814161
814162
814163
814164
814165
814166
814167
814168
814169
814170
814171
814172
814173
814174
814175
814176
814177
814178
814179
814180
814181
814182
814183
814184
814185
814186
814187
814188
814189
814190
814191
814192
814193
814194
814195
814196
814197
814198
814199
814200
814201
814202
814203
814204
814205
814206
814207
814208
814209
814210
814211
814212
814213
814214
814215
814216
814217
816807
821749
827139
835861
845871
849483
849484
849485
849486
849487
849488
849489
849490
849491
849492
849493
849494
849495
849496
849497
849498
849499
849500
849501
849529
850187
851181
851797
852483
852484
852485
852486
852487
852488
852489
852490
852491
852492
852493
852494
852495
852496
852497
852498
852499
852500
852501
852502
852503
852504
852505
852506
852507
852508
852509
852510
852511
852512
852513
852514
852515
852516
852517
852518
852519
852520
852521
852522
852523
852524
852525
852526
852527
852528
852529
852530
852531
852532
852533
852534
852535
852536
852537
852538
852539
852540
852541
852542
852543
852544
852545
852546
852547
852548
852549
852550
852551
852552
852553
852554
852555
852556
852557
852558
852559
852560
852561
852562
852563
852564
852565
852566
852567
852568
852569
852570
852571
852572
852573
852574
852575
852576
860794
864980
869502
870398
870399
870400
870401
870402
870403
870404
870405
870406
870407
870408
870409
870410
870411
870412
870413
870414
870415
870416
870417
870418
870419
870420
870421
870422
870423
870424
870425
870426
870427
870428
870429
870430
870431
870432
870433
870434
870435
870436
870437
870438
870439
870440
870441
872177
874683
879247
902753
902754
902755
902756
902757
902758
902759
902760
902761
902762
902763
902764
902765
902766
902767
902768
902769
902770
902771
902772
902773
902774
902775
902776
902777
902778
902779
902780
902781
902782
902783
902784
902785
902786
902787
902788
902789
902790
902791
902792
902793
902794
902795
902796
902797
902798
902799
902800
902801
902802
902803
902804
902805
902806
902807
902808
902809
902810
902811
902812
902813
902814
902815
902816
902817
902818
902819
902820
902821
902822
902823
902824
902825
902826
902827
902828
902829
902830
902831
902832
902833
902834
902835
902836
902837
902838
902839
902840
902841
902842
902843
902844
902845
902846
902847
902848
902849
902850
902851
902852
902853
902854
902855
902856
902857
902858
902859
902860
902861
902862
902863
902864
902865
902866
902867
902868
902869
902870
902871
902872
902873
902874
902875
902876
902877
902878
902879
902880
902881
902882
902883
902884
902885
902886
902887
902888
902889
902890
902891
902892
902893
902894
902895
902896
902897
902898
902899
902900
902901
902902
902903
902904
902905
902906
902907
902908
902909
902910
902911
902912
902913
902914
902915
902916
902917
902918
902919
902920
902921
902922
902923
902924
902925
902926
902927
902928
902929
902930
902931
902932
902933
902934
902935
902936
902937
902938
902939
902995
903821
905305
906593
906594
906595
906596
906597
906598
906599
906600
906601
906602
906603
906604
906605
906606
906607
906608
906609
906610
906611
906612
906613
906614
906615
906616
906617
906618
906619
906647
906969
907571
908089
908369
908719
908915
909839
909840
909841
909842
909843
909844
909845
909846
909847
909848
909849
909850
909851
909852
909853
909854
909855
909856
909857
909858
909859
909860
909861
909862
909863
909864
909865
909866
909867
909868
909869
909870
909871
909872
909873
909874
909875
909876
909877
909878
917914
934924
944500
945046
945047
945747
946517
956331
961917
961918
961919
961920
961921
961922
961923
961924
961925
961926
961927
961928
961929
961930
961931
961932
961933
961934
961935
961936
961937
961938
961939
961940
961941
961942
961943
962335
968299
970175
977329
978827
986373
994899
996621
997699
998735
1000079
1002095
1003145
1003146
1003147
1003148
1003149
1003150
1003151
1003152
1003153
1003154
1003155
1003156
1003157
1003158
1003159
1003160
1003161
1003162
1003163
1003164
1003165
1003166
1003167
1003168
1003169
1003170
1003171
1003172
1003173
1003174
1003175
1003176
1003177
1003178
1003179
1003180
1003181
1003182
1003183
1003184
1003185
1003186
1003187
1003188
1003189
1003190
1004086
1031778
1056082
1063362
1063363
1063364
1063365
1063366
1063367
1063368
1063369
1063370
1063371
1063372
1063373
1063374
1063375
1063376
1063377
1063378
1063379
1063380
1063381
1063382
1063383
1063384
1063385
1063386
1063387
1063388
1063389
1063390
1063391
1063392
1063393
1063394
1063395
1063396
1063397
1063398
1063399
1063400
1063401
1063402
1063403
1063404
1063405
1063406
1063407
1063408
1063409
1063410
1063411
1063412
1063413
1063414
1063415
1063416
1063417
1063418
1063419
1063420
1063421
1063422
1063423
1063424
1063425
1063426
1063427
1063428
1063429
1063430
1063431
1063432
1063433
1063434
1063435
1063436
1063437
1063438
1063439
1063440
1063441
1063442
1063443
1063444
1063445
1063446
1063447
1063448
1063449
1063450
1063451
1063452
1063453
1063454
1063455
1063456
1063457
1063458
1063459
1063460
1063461
1063462
1063463
1063464
1063465
1063466
1063467
1063468
1063469
1063470
1063471
1063472
1063473
1063474
1063475
1063476
1063477
1063478
1063479
1063480
1063481
1063482
1063483
1063484
1063485
1063486
1063487
1063488
1063489
1063490
1063491
1063492
1063493
1063494
1063495
1063496
1063497
1063498
1063499
1063500
1063501
1063502
1063503
1063504
1063505
1063506
1063507
1063508
1063509
1063510
1063511
1063512
1063513
1063514
1063515
1063516
1063517
1063518
1063519
1063520
1063521
1063522
1063523
1063524
1063525
1063526
1063527
1063528
1063529
1063530
1063531
1063532
1063533
1063534
1063535
1063536
1063537
1063538
1063539
1063540
1063541
1063542
1063543
1063544
1063545
1063546
1064246
1065548
1065786
1066360
1069650
1069651
1069652
1069653
1069654
1069655
1069656
1069657
1069658
1069659
1069660
1069661
1069662
1069663
1069664
1069665
1069666
1069667
1069668
1069669
1069670
1069671
1069672
1069673
1069674
1069675
1069676
1069677
1069678
1069679
1069680
1069681
1069682
1069683
1069684
1076740
1085462
1085868
1085869
1085870
1085871
1085872
1085873
1085874
1085875
1085876
1085877
1085878
1085879
1085880
1085881
1085882
1085883
1085884
1085885
1085886
1085887
1085888
1085889
1085890
1085891
1085892
1085893
1085894
1085895
1085896
1085897
1085898
1085899
1085900
1085901
1085902
1085903
1085904
1085905
1085906
1107620
1117700
1145224
1145406
1148514
1150852
1152630
1152672
1153638
1162528
1170438
1171250
1176024
1177816
1181708
1181904
1183654
1184074
1184075
1184076
1184077
1184078
1184079
1184080
1184081
1184082
1184782
1186196
1187736
1189108
1191670
1195772
1196864
1202898
1215806
1239956
1239957
1239958
1239959
1242115
1242116
1242117
1242118
1242119
1242120
1242121
1242122
1242123
1242124
1242125
1242126
1242127
1242128
1242129
1242130
1242131
1242132
1242133
1242134
1242135
1242136
1242137
1242138
1242139
1242140
1242141
1242142
1242143
1242144
1242145
1242146
1242147
1242148
1242149
1242150
1242151
1242152
1242153
1242154
1242155
1242156
1242157
1242158
1242159
1242160
1242161
1242162
1242163
1242164
1242165
1264971
1270935
1290661
1312501
1329525
1329526
1329527
1329528
1329529
1329530
1329531
1329532
1329533
1329534
1329535
1329536
1329537
1329538
1329539
1329540
1329541
1329542
1329543
1329544
1329545
1329546
1329547
1329548
1329549
1329550
1329551
1329552
1329553
1329554
1329555
1329556
1329557
1329558
1329559
1329560
1329561
1329562
1329563
1329564
1329565
1329566
1329567
1329568
1329569
1329570
1329571
1329572
1329573
1329574
1329575
1329576
1329577
1329578
1329579
1329580
1329581
1329582
1329583
1329584
1329585
1329586
1329587
1329588
1329589
1329590
1329591
1329592
1329593
1329594
1329595
1329596
1329597
1329598
1329599
1329600
1329601
1329602
1329603
1329604
1329605
1329606
1329607
1329608
1329609
1329610
1329611
1329612
1329613
1329614
1329615
1329616
1329617
1329618
1329619
1329620
1329621
1329622
1329623
1329624
1329625
1329626
1329627
1329628
1329629
1329630
1329631
1329632
1329633
1329634
1329635
1329636
1329637
1329638
1329639
1329640
1329641
1329642
1329643
1329644
1329645
1329646
1329647
1329648
1329649
1329650
1329651
1329652
1329653
1329654
1329655
1329656
1329657
1329658
1329659
1329660
1329661
1329662
1329663
1329664
1329665
1329666
1329667
1329668
1329669
1329670
1329671
1329672
1329673
1329674
1329675
1329676
1329677
1329678
1329679
1329680
1329681
1329682
1329683
1329684
1329685
1329686
1329687
1329688
1329689
1329690
1329691
1329692
1329693
1329694
1329695
1329696
1329697
1329698
1329699
1329700
1329701
1329702
1329703
1329704
1329705
1329706
1329707
1329708
1329709
1329989
1332817
1333615
1333616
1334484
1335086
1335534
1335535
1335536
1335537
1335538
1335539
1335540
1335541
1335542
1335543
1335544
1335545
1335546
1335547
1335548
1335549
1335550
1335551
1335552
1335553
1335554
1335555
1335556
1335557
1335558
1335559
1335560
1335561
1335562
1335563
1335564
1335565
1335566
1335567
1337597
1350869
1351079
1351080
1351081
1351082
1351083
1351084
1351085
1351086
1351087
1351088
1355988
1357472
1360608
1361420
1361421
1361422
1368758
1382828
1395652
1408406
1429210
1436798
1443938
1448012
1453066
1453318
1453319
1453320
1453321
1453322
1453323
1453324
1453325
1453326
1453327
1453328
1453329
1453330
1453331
1453332
1464532
1508058
1524900
1526860
1527546
1527547
1527548
1527549
1527550
1527551
1527552
1527553
1529121
1537465
1537466
1542716
1542856
1544270
1546202
1548568
1550934
1553160
1555246
1557290
1560594
1564206
1571794
1571795
1571796
1571797
1571798
1571799
1571800
1571801
1571802
1571803
1571804
1571805
1571806
1571807
1571808
1571809
1571810
1571811
1571812
1571813
1571814
1571815
1571816
1571817
1571818
1571819
1571820
1571821
1571822
1571823
1571824
1571825
1571826
1571827
1571828
1571829
1571830
1571831
1571832
1571833
1571834
1571835
1571836
1571837
1571838
1571839
1571840
1571841
1571842
1571843
1571844
1571845
1571846
1571847
1571848
1571849
1571850
1571851
1571852
1571853
1571854
1571855
1571856
1597896
1624552
1624553
1624554
1624555
1624556
1624557
1624558
1624559
1624560
1624561
1624562
1624563
1624564
1624565
1624566
1624567
1624568
1624569
1624570
1624571
1624572
1624573
1624574
1624575
1624576
1624577
1624578
1624579
1624580
1624581
1624582
1624583
1624584
1624585
1624586
1624587
1624588
1624589
1624590
1624591
1624592
1624593
1624594
1624595
1624596
1624597
1624598
1624599
1624600
1624601
1624602
1624603
1624604
1624605
1624606
1624607
1624608
1624609
1624610
1624611
1624612
1624613
1624614
1624615
1624616
1624617
1624618
1624619
1624620
1624621
1624622
1624623
1624624
1624625
1624626
1624627
1624628
1624629
1624630
1624631
1624632
1624633
1624634
1624635
1624636
1624637
1624638
1624639
1624640
1624641
1624642
1624643
1624644
1624645
1624646
1624647
1624648
1624649
1624650
1624651
1624652
1624653
1624654
1624655
1624656
1624657
1624658
1624659
1624660
1624661
1624662
1624663
1624664
1624665
1624666
1624667
1624668
1624669
1624670
1624671
1624672
1624673
1624674
1624675
1624676
1624677
1624678
1624679
1624680
1624681
1624682
1624683
1624684
1624685
1624686
1624687
1624688
1624689
1624690
1624691
1624692
1624693
1624694
1624695
1624696
1624697
1624698
1624699
1624700
1624701
1624702
1624703
1624704
1624705
1624706
1624707
1624708
1624709
1624710
1624711
1624712
1624713
1624714
1624715
1624716
1624717
1624718
1624719
1624720
1624721
1624722
1624723
1624724
1624725
1624726
1624727
1624728
1624729
1624730
1624731
1624732
1624733
1624845
1625335
1626007
1627491
1629367
1633273
1634701
1637515
1637516
1637517
1637518
1637519
1637520
1637521
1637522
1637523
1637524
1637525
1637526
1637527
1637528
1637529
1637530
1637531
1637532
1637533
1637534
1637535
1637536
1637537
1637538
1637539
1637540
1637541
1637542
1637543
1637544
1637545
1637546
1637547
1637548
1637549
1637550
1637551
1637552
1637553
1637554
1643042
1646164
1646165
1646166
1646167
1646168
1646169
1646170
1646171
1646172
1646173
1646174
1646175
1656661
1662821
1672131
1676597
1679173
1684479
1694937
1703729
1708713
1708714
1708715
1708716
1708717
1708718
1709488
1710594
1717496
1720982
1723320
1724496
1725630
1727142
1730362
1734814
1734815
1734816
1734817
1734818
1734819
1734820
1740560
1750906
1751088
1751410
1751411
1751412
1751413
1751414
1751415
1751416
1751417
1751418
1751419
1751420
1751421
1751422
1751423
1751424
1751425
1751426
1751427
1751428
1751429
1751430
1751431
1751432
1751433
1751434
1751435
1751436
1751437
1751438
1751439
1751440
1751441
1751442
1751443
1751444
1751445
1751446
1751447
1751448
1751449
1751450
1751451
1751452
1751453
1751454
1751455
1751456
1751457
1751458
1751459
1751460
1751461
1751462
1751463
1751464
1751465
1751466
1751467
1751468
1751469
1751470
1751471
1751472
1751473
1751474
1751475
1751476
1751477
1751478
1751479
1751480
1751481
1751482
1751483
1751484
1751485
1751486
1751487
1751488
1751489
1751490
1751491
1751492
1751493
1754811
1785751
1797469
1801879
1803069
1803070
1803071
1803072
1803073
1803074
1803075
1803076
1803077
1803078
1803079
1803080
1803081
1803082
1803083
1803084
1803085
1803086
1803087
1803088
1803089
1803090
1803091
1803092
1803093
1803094
1803095
1803096
1803097
1803098
1803099
1803100
1803101
1803102
1803103
1803104
1803105
1803106
1803107
1803108
1803109
1803110
1803111
1803112
1803113
1803114
1803115
1803116
1803117
1803118
1803119
1803120
1803121
1803122
1803123
1803124
1803125
1803126
1803127
1803128
1803129
1803130
1803131
1803132
1803133
1803134
1803135
1803136
1803137
1803138
1803139
1803140
1803141
1803142
1803143
1803144
1803145
1803146
1803147
1803148
1803149
1803150
1803151
1803152
1803153
1803154
1803155
1803156
1803157
1803158
1803159
1803160
1803161
1803162
1803163
1803164
1803165
1803166
1803167
1803168
1803169
1803170
1803171
1803172
1803173
1803174
1803175
1803176
1803177
1803178
1803179
1803180
1803181
1803182
1803183
1803184
1803185
1803186
1803187
1803188
1803189
1803190
1803191
1803192
1803193
1803194
1803195
1803196
1803197
1803198
1803199
1803200
1803201
1803202
1803203
1803204
1803205
1803206
1803207
1803208
1803209
1803210
1803211
1803212
1803213
1803214
1803215
1803216
1803217
1803218
1803219
1803220
1803221
1803222
1803223
1803224
1803225
1803226
1803227
1803228
1803229
1803230
1803231
1803232
1803233
1803234
1803235
1803236
1803237
1803238
1803239
1803240
1803241
1803242
1803243
1803244
1803245
1803246
1803764
1805920
1814502
1814922
1814923
1814924
1814925
1814926
1814927
1814928
1814929
1814930
1814931
1814932
1814933
1814934
1814935
1814936
1814937
1814938
1814939
1814940
1814941
1814942
1814943
1814944
1814945
1814946
1814947
1814948
1814949
1814950
1814951
1814952
1814953
1814954
1814955
1814956
1814957
1814958
1814959
1814960
1814961
1814962
1814963
1814964
1814965
1814966
1814967
1814968
1820820
1820821
1820822
1820823
1820824
1820825
1820826
1820827
1820828
1820829
1820830
1820831
1821545
1829497
1840459
1858715
1863335
1863336
1863337
1863338
1863339
1863340
1863341
1863342
1863343
1863344
1863345
1863346
1863347
1863348
1863349
1863350
1863351
1863352
1863353
1863465
1866139
1868477
1872243
1875253
1878809
1881623
1881973
1881974
1881975
1881976
1881977
1881978
1881979
1881980
1881981
1881982
1881983
1881984
1881985
1881986
1881987
1881988
1881989
1881990
1881991
1881992
1881993
1881994
1881995
1881996
1881997
1881998
1881999
1882000
1882001
1882002
1882003
1882004
1882005
1882006
1882007
1882008
1882009
1882010
1882011
1882012
1882013
1882014
1882015
1882016
1882017
1882018
1882019
1882020
1882021
1882022
1882023
1882024
1882025
1882026
1882027
1882028
1882029
1882030
1882031
1882032
1882033
1882034
1882035
1882036
1882037
1882038
1882039
1882040
1882041
1882042
1882043
1882044
1882045
1882046
1882047
1882048
1882049
1882050
1882051
1882052
1882053
1882054
1882055
1882056
1882057
1882058
1882059
1882060
1882061
1882062
1882063
1896637
1921599
1930867
1933401
1948815
1957859
1964607
1970333
1970334
1970335
1970336
1970337
1970338
1970339
1970340
1970341
1970342
1970343
1970344
1970345
1970346
1970347
1970348
1970349
1970350
1970351
1970352
1970353
1970354
1970355
1970356
1970357
1970358
1970359
1970360
1970361
1970362
1970363
1970364
1970365
1970366
1970367
1970368
1970369
1970370
1970371
1970372
1970373
1970374
1970375
1970376
1970377
1970378
1970379
1970380
1970381
1970382
1970383
1970384
1970385
1970386
1970387
1970388
1970389
1970390
1970391
1970392
1970393
1970394
1970395
1970396
1970397
1970398
1970399
1970400
1970401
1970402
1970403
1970404
1970405
1970406
1970407
1970408
1970409
1970410
1970411
1970412
1970413
1970414
1970415
1970416
1970417
1970418
1970419
1970420
1970421
1970422
1970423
1970424
1970425
1970426
1970427
1970428
1970429
1970430
1970431
1970432
1970433
1970434
1970435
1970436
1970437
1970438
1970439
1970440
1970441
1970442
1970443
1970444
1970445
1970446
1970447
1970448
1970449
1970450
1970451
1970452
1970453
1970454
1971084
1971085
1971086
1971087
1971088
1971089
1971090
1971091
1971092
1971093
1971094
1971206
1972858
1976358
1980824
1982756
1984254
1985360
1985361
1985362
1985363
1985364
1985365
1985366
1985367
1985368
1988056
1989344
1990100
1991416
1992004
1994510
1996134
1997800
1999648
2001216
2003190
2004464
2004576
2004577
2006789
2007923
2009967
2011451
2012277
2014181
2015119
2018549
2020481
2022973
2022974
2022975
2022976
2022977
2022978
2022979
2022980
2022981
2022982
2022983
2022984
2022985
2022986
2022987
2022988
2022989
2022990
2022991
2022992
2022993
2022994
2022995
2022996
2022997
2022998
2022999
2023000
2023001
2023002
2023003
2023004
2023005
2023006
2023007
2023008
2023009
2023010
2023011
2023012
2023013
2023014
2023015
2023016
2023017
2023018
2023019
2023020
2023021
2023022
2035468
2036266
2036267
2036268
2036269
2036270
2036271
2036272
2038666
2040906
2040907
2040908
2042518
2046620
2062216
2077252
2081032
2081033
2081034
2081035
2081036
2081037
2081038
2081039
2081040
2081041
2081042
2081043
2081044
2081045
2081046
2081047
2081048
2081049
2081050
2081051
2081052
2081053
2081054
2081055
2081056
2081057
2081058
2081059
2081060
2081061
2081062
2081063
2081064
2081065
2081066
2081067
2081068
2081069
2081070
2081071
2081072
2081073
2081074
2081075
2081076
2081077
2081078
2081079
2081080
2081081
2081082
2081083
2081084
2081085
2081086
2081087
2081088
2081089
2081090
2081091
2081092
2081093
2081094
2081095
2081096
2081097
2081098
2081099
2081100
2081101
2081102
2081103
2081104
2081105
2081106
2081107
2081108
2081109
2081110
2081111
2081112
2081113
2081114
2081115
2081116
2081117
2081118
2081119
2081120
2081121
2081122
2081123
2081124
2081125
2081126
2081127
2081128
2081129
2081130
2081131
2081132
2081133
2081134
2081135
2081136
2081137
2081138
2081139
2081140
2081141
2081142
2081143
2081144
2081145
2081146
2081147
2081148
2081149
2081150
2081151
2081152
2081153
2081154
2081155
2086433
2091291
2110695
2121517
2125185
2127187
2127188
2127189
2127190
2127191
2127192
2127193
2127194
2127195
2127196
2127197
2127198
2127199
2127200
2127201
2127202
2127203
2127204
2127205
2127206
2127207
2127208
2127209
2127210
2127211
2127212
2127213
2127214
2127215
2127216
2127217
2127218
2127219
2127220
2127221
2127222
2127223
2127224
2127225
2127226
2127227
2127228
2127229
2127230
2127231
2127232
2127233
2127234
2127235
2127236
2127237
2127238
2127239
2127240
2127241
2127242
2127243
2127244
2127245
2127246
2127247
2127248
2127249
2127250
2127251
2127252
2127253
2127254
2127255
2127256
2127257
2127258
2127259
2127260
2127261
2127262
2127263
2127264
2139612
2271170
2314472
2327170
2332700
2332701
2332702
2332703
2332704
2332705
2332706
2332707
2332708
2332709
2332710
2332711
2332712
2332713
2332714
2332715
2332716
2332717
2332718
2332719
2332720
2332721
2332722
2332723
2332724
2332725
2332726
2332727
2332728
2332729
2332730
2332731
2332732
2332733
2431293
2445741
2448009
2457543
2460147
2460819
2460820
2462248
2464236
2468506
2472524
2476878
2479132
2480826
2480994
2480995
2480996
2480997
2482551
2483769
2487759
2488837
2491077
2492281
2495403
2496131
2499589
2500695
2502599
2504279
2505091
2505959
2506169
2506170
2506171
2506172
2506173
2506327
2506873
2510555
2511381
2514335
2514336
2514337
2514338
2514339
2514340
2514341
2514342
2514343
2514344
2514345
2514346
2514347
2514348
2514349
2514350
2514351
2514352
2514353
2514354
2514355
2514356
2514357
2514358
2514359
2514360
2514361
2514362
2514363
2514364
2514365
2514366
2514367
2514368
2514369
2514370
2514371
2514372
2514373
2514374
2514375
2514376
2514377
2514378
2514379
2514380
2514381
2514382
2514383
2514384
2514385
2514386
2514387
2514388
2514389
2514390
2514391
2514392
2514393
2515065
2526461
2526462
2526463
2526464
2526465
2533311
2556635
2596899
2615309
2628357
2646319
2677119
2677120
2685058
2698596
2698597
2698598
2698599
2698600
2698601
2698602
2698603
2698604
2698605
2698606
2698607
2698608
2698609
2698610
2698611
2698612
2698613
2698614
2698615
2698616
2698617
2698618
2698619
2698620
2698621
2698622
2698623
2698624
2698625
2698626
2698627
2698628
2698629
2698630
2698631
2698632
2698633
2698634
2698635
2698636
2698637
2698638
2698639
2698640
2698641
2698642
2698643
2698644
2698645
2698646
2698647
2698648
2698649
2698650
2698651
2698652
2698653
2698654
2698655
2698656
2698657
2698658
2698659
2698660
2698661
2698662
2698663
2698664
2698665
2698666
2698667
2698668
2698669
2698670
2698671
2698672
2698673
2698674
2698675
2698676
2698677
2698678
2698679
2698680
2698681
2698682
2698683
2698684
2698685
2698686
2698687
2698688
2698689
2698690
2698691
2698692
2698693
2698694
2698695
2698696
2698697
2698698
2698699
2698700
2698701
2698702
2698703
2698704
2698705
2698706
2698707
2698708
2698709
2698710
2698711
2698712
2698713
2698714
2698715
2698716
2698717
2698718
2698719
2698720
2698721
2698722
2698723
2698919
2700165
2710623
2712639
2717945
2719121
2722439
2723755
2726877
2729663
2735809
2735837
2735838
2735839
2735840
2735841
2735842
2735843
2735844
2735845
2735846
2735847
2735848
2735849
2735850
2735851
2735852
2735853
2735854
2735855
2735856
2735857
2735858
2735859
2735860
2735861
2735862
2735863
2735864
2735865
2735866
2735867
2735868
2735869
2735870
2735871
2735872
2735873
2735874
2735875
2735876
2735877
2735878
2735879
2735880
2735881
2735882
2735883
2735884
2735885
2735886
2735887
2735888
2735889
2735890
2735891
2735892
2735893
2735894
2735895
2735896
2735897
2735898
2735899
2735900
2735901
2735902
2736014
2737820
3182936
3708440
3708441
3708442
3708512
3710024
3712558
3714420
3716632
3717640
3717641
3717642
3717643
3717644
3717645
3717646
3717647
3717648
3717649
3717650
3717651
3717652
3717653
3717654
3717655
3717656
3717657
3717658
3717659
3717660
3717661
3717662
3717663
3717664
3717665
3728067
3738721
3755311
3765209
3774547
3774548
3774549
3774550
3774551
3785709
3805491
3814325
3814326
3814327
3814328
3814329
3814330
3814331
3814332
3814333
3814334
3814335
3814336
3814337
3814338
3814339
3814340
3814341
3814342
3814343
3814344
3814345
3814346
3814347
3814348
3814349
3814350
3814351
3814352
3814353
3814354
3814355
3814356
3814357
3814358
3814359
3814360
3814361
3814362
3814363
3814364
3814365
3814366
3814367
3814368
3814369
3814370
3814371
3814372
3814373
3814374
3814375
3814376
3814377
3814378
3814379
3814380
3814381
3814382
3814383
3814384
3814385
3814386
3814387
3814388
3814389
3814390
3814391
3814392
3814393
3814394
3814395
3814396
3814397
3814398
3814399
3814400
3814401
3814402
3814403
3814404
3814405
3814406
3814407
3814408
3814409
3814410
3814411
3814412
3814413
3814414
3814415
3814416
3814417
3824777
3824778
3824779
3824780
3824781
3824782
3848764
3909328
3924112
3925484
3938014
3946078
3946988
3946989
3946990
3946991
3946992
3946993
3946994
3946995
3946996
3946997
3946998
3946999
3947000
3947001
3947002
3947003
3947004
3947005
3964603
3964604
3964605
3964606
3964607
3964608
3964609
3964610
3964611
3964612
3964613
3964614
3964615
3964616
3964617
3964618
3964619
3964620
3964621
3964622
3964623
3964624
3964625
3964626
3964627
3964628
3964629
3964630
3964631
3964632
3964633
3964634
3964635
3964636
3964637
3964638
3964639
3964640
3964641
3964642
3964643
3964644
3964645
3964646
3964647
3964648
3964649
3964650
3964651
3964652
3964653
3964654
3964655
3964656
3964657
3964658
3964659
3964660
3964661
3964662
3964663
3964664
3964665
3964666
3964667
3964668
3964669
3964670
3964671
3964672
3964673
3964674
3964675
3964676
3964677
3964678
3964679
3964680
3964681
3964682
3964683
3964684
3964685
3964686
3964687
3964688
3964689
3964690
3964691
3964692
3964693
3964694
3964695
3964696
3964697
3964698
3964699
3964700
3964701
3964702
3964703
3964704
3964705
3964706
3964707
3964708
3969048
3969049
3969050
3969051
3969052
3969053
3969054
3969055
3969056
3969057
3969058
3969059
3969060
3969061
3969062
3969063
3969064
3969065
3974427
3980013
3985221
3988357
3995721
3995722
3995723
3995724
3995725
3995726
3995727
3995728
3995729
3995730
3995731
3995732
3995733
3996251
3997917
3998365
3998366
3998367
3998368
3998369
3998370
3998371
3998372
3998373
3998374
3998486
3998487
3998488
3998489
3998490
3998491
3998492
3998493
3998494
3998495
3998496
3998497
3998498
3998499
3998500
3998501
3998502
3998503
3998504
3998505
3998506
3998507
3998508
3998509
3998510
3998511
3998512
3998513
3998514
3998515
3998516
3998517
3998518
3998812
4001248
4002396
4005938
4007954
4007955
4007956
4007957
4007958
4007959
4007960
4007961
4007962
4007963
4007964
4009126
4011520
4014782
4019066
4022328
4026262
4074142
4189572
4227106
4253804
4357530
4397500
4405956
4406292
4406293
4406294
4406295
4406296
4406297
4427437
4437335
4467337
4481183
4491543
4499327
4516239
4517793
4517794
4517795
4517796
4517797
4517798
4517799
4517800
4517801
4517802
4517803
4517804
4517805
4517806
4517807
4517808
4517809
4517810
4517811
4517812
4517813
4517814
4517815
4517816
4517817
4517818
4517819
4517820
4517821
4517822
4517823
4517824
4517825
4517826
4517827
4517828
4517829
4517830
4517831
4517832
4517833
4517834
4517835
4517836
4517837
4517838
4517839
4517840
4517841
4517842
4517843
4517844
4517845
4517846
4517847
4517848
4517849
4517850
4517851
4517852
4517853
4517854
4517855
4517856
4517857
4517858
4517859
4517860
4517861
4517862
4517863
4517864
4517865
4517866
4517867
4517868
4517869
4517870
4517871
4517872
4517873
4517874
4517875
4517876
4517877
4517878
4517879
4517880
4517881
4517882
4517883
4517884
4517885
4517886
4517887
4517888
4517889
4517890
4517891
4517892
4517893
4517894
4517895
4517896
4523384
4523385
4523386
4523387
4523388
4523389
4610077
4810193
5032023
5042215
5042216
5042217
5042218
5042219
5042220
5042221
5042222
5042223
5042224
5042225
5042226
5042227
5042228
5042229
5042230
5042231
5042232
5042233
5042234
5042235
5042236
5042237
5042238
5042239
5042240
5042241
5042242
5042243
5042244
5042245
5042246
5042247
5042248
5042249
5042250
5042251
5042252
5042253
5042254
5042255
5042256
5042257
5042258
5042259
5042260
5042261
5042262
5042263
5042264
5042265
5042266
5042267
5042268
5042269
5042270
5042271
5042272
5042273
5042274
5042275
5042276
5042277
5042278
5042279
5042280
5042281
5042282
5042283
5042284
5042285
5042286
5042287
5042288
5042289
5042290
5042291
5042292
5042293
5042294
5042295
5042296
5042297
5042298
5042299
5042300
5042301
5042302
5042303
5042304
5042305
5042306
5042307
5042308
5042309
5042310
5042311
5042312
5042313
5042314
5042315
5042316
5042317
5042318
5042319
5042320
5042321
5042322
5042323
5042324
5045880
5045881
5045882
5045883
5045884
5045885
5045886
5045887
5045888
5045889
5045890
5045891
5045892
5045893
5045894
5045895
5045896
5045897
5050321
5056621
5056622
5056623
5056624
5056625
5056626
5056627
5056628
5056629
5056630
5056631
5056632
5056633
5056634
5056635
5056636
5056637
5056638
5057478
5106156
5123054
5158656
5176968
5189190
5191780
5194636
5200530
5203624
5209714
5233878
5237686
5240584
5243258
5247360
5248032
5250496
5253394
5255760
5258490
5260688
5263194
5265882
5269032
5270796
5272392
5274086
5276746
5279658
5287904
5288212
5288213
5289543
5482351
5489463
5500257
5505059
5507719
5509441
5511275
5511276
5511277
5511278
5511279
5511280
5511281
5511282
5511283
5513355
5516645
5518983
5523015
5526193
5528657
5533795
5536245
5537547
5539199
5541537
5545303
5546353
5546354
5546355
5546356
5546357
5546358
5546359
5546360
5546361
5546362
5546363
5546364
5546365
5546366
5546367
5546368
5546369
5546370
5546371
5546372
5546373
5546374
5546375
5546376
5546377
5546378
5576212
5588196
5590520
5590521
5590522
5590802
5600000
5622582
5623856
5627090
5627091
5627092
5627093
5627094
5627095
5627096
5627097
5627098
5627099
5627100
5627101
5627102
5627103
5627104
5627105
5627106
5627107
5627108
5627109
5627110
5627111
5627112
5627113
5627114
5627115
5627116
5627117
5627118
5627119
5627120
5627121
5627122
5627123
5627124
5627125
5627126
5627127
5627128
5627129
5627130
5627131
5627132
5627133
5627134
5627135
5627136
5627137
5627138
5627139
5627140
5627141
5627142
5627143
5627144
5627145
5627146
5627147
5627148
5627149
5627150
5627151
5627152
5627153
5627154
5627155
5627156
5627157
5627158
5627159
5627160
5627161
5627162
5627163
5627164
5627165
5627166
5627167
5627168
5627169
5627170
5627171
5627172
5627173
5627174
5627175
5627176
5627177
5627178
5627179
5627180
5627181
5627182
5627183
5627184
5627185
5627186
5627187
5627188
5627189
5627190
5627191
5627192
5627193
5627194
5627195
5627196
5627197
5627198
5633820
5633821
5633822
5633823
5640375
5753285
5847771
5942635
5955655
5955656
5955657
5955658
5955659
5955660
5955661
5955662
5955663
5955664
5955665
5955666
5955667
5955668
5955669
5955670
5955671
5955672
5955673
5955674
5955675
5955676
5955677
5955678
5955679
5955680
5955681
5955682
5955683
5955684
5955685
5955686
5955687
5955688
5955689
5955690
5955691
5955692
5955693
5955694
5955695
5955696
5955697
5955698
5955699
5955700
5955701
5955702
5955703
5955704
5955705
5955706
5955707
5955708
5955709
5955710
5955711
5955712
5955713
5955714
5955715
5955716
5955717
5955718
5955719
5955720
5955721
5955722
5955723
5955724
5955725
5955726
5955727
5955728
5955729
5955730
5955731
5955732
5955733
5955734
5955735
5955736
5955737
5955738
5955739
5955740
5955741
5955742
5955743
5955744
5955745
5955746
5955747
5955748
5955749
5955750
5955751
5955752
5955753
5955754
5955755
5955756
5955757
5955758
5955759
5955760
5955761
5955762
5955763
5955764
5955765
5955766
5955767
5955768
5955769
5955770
5955771
5955772
5955773
5955774
5955775
5955776
5955777
5955778
5955779
5955780
5955781
5955782
5955783
5955784
5955785
5955786
5955787
5955788
5955789
5955790
5955791
5955792
5955793
5955794
5955795
5955796
5955797
5955798
5955799
5955800
5955801
5955802
5955803
5955804
5955805
5955806
5955807
5955808
5955809
5955810
5955811
5955812
5956246
5956247
5956248
5956249
5956250
5956251
5956252
5956253
5956254
5956255
5956256
5956257
5956258
5956259
5956260
5956261
5956262
5956263
5956264
5956265
5956266
5958562
5960270
5961642
5961643
5961644
5961645
5961646
5961647
5961648
5961649
5968803
5972779
5974711
5977133
5980395
5983783
5985659
5988431
5992589
5992590
5992591
5993935
5993936
5993937
5993938
5993939
5993940
5993941
5993942
5993943
5993944
5993945
5993946
5993947
5993948
5993949
5993950
5993951
5993952
5993953
5993954
5993955
5993956
5993957
5993958
5993959
5993960
5993961
5993962
5993963
5993964
5993965
5993966
5993967
5993968
5993969
5993970
5993971
5995203
6000425
6005619
6010561
6010562
6010563
6010564
6010565
6010566
6010567
6010568
6010569
6010570
6010571
6010572
6010573
6010574
6010575
6010576
6010577
6010578
6010579
6010580
6010581
6010582
6010583
6010584
6010585
6010586
6010587
6010588
6010589
6010590
6010591
6010592
6010593
6010594
6010595
6010596
6010597
6010598
6010599
6010600
6010601
6010602
6010603
6010604
6010605
6010606
6010607
6010608
6010609
6010610
6010611
6010612
6010613
6010614
6010615
6010616
6010617
6010618
6010619
6010620
6010621
6010622
6010623
6010624
6010625
6010626
6010627
6010628
6010629
6010630
6010631
6010632
6010633
6010634
6010635
6010636
6010637
6010638
6010639
6010640
6010641
6010642
6010643
6010644
6010645
6010646
6010647
6010648
6010649
6010650
6010651
6010652
6010653
6010654
6010655
6010656
6010657
6010658
6010659
6010660
6010661
6010662
6010663
6010664
6010665
6010666
6010667
6010668
6010669
6010670
6010671
6010672
6015012
6023258
6041710
6055220
6139640
6340148
6569174
6604692
6604693
6604694
6604695
6604696
6604697
6604698
6604699
6604700
6604701
6604702
6604703
6604704
6604705
6604706
6604707
6604708
6604709
6604710
6604711
6604712
6604713
6604714
6604715
6604716
6604717
6604718
6604719
6604720
6604721
6604722
6604723
6604724
6604725
6604726
6604727
6604728
6604729
6604730
6604731
6604732
6604733
6604734
6604735
6604736
6604737
6604738
6604739
6604740
6604741
6604742
6604743
6604744
6604745
6604746
6604747
6604748
6604749
6604750
6604751
6604752
6604753
6604754
6604755
6604756
6604757
6604758
6604759
6604760
6604761
6604762
6604763
6604764
6604765
6604766
6604767
6604768
6604769
6604770