 0	 0
 0	 0
 0	 0
 0	 0
 0	 0
 0	 0
 0	 0
 0	 0
 0	 0
 0	 0
 0	 0
 0	 0
 0	 0
 0	 0
 0	 0
 0	 0
 0	 0
 0	 0
 0	 0
 0	 0
 0	 0
 0	 0
 0	 0
 0	 0
 0	 0
 0	 0
 0	 0
 0	 0
 0	 0
 0	 0
 0	 0
 0	 0
 0	 0
 0	 0
 45.8211	 150.002
 45.8212	 150
 45.8247	 150.021
 45.8247	 150.021
 45.8247	 150.022
 45.825	 150.003
 45.825	 150.004
 45.8252	 150.021
 45.8252	 150.021
 45.8255	 150.004
 45.8259	 150.019
 45.8262	 150.02
 45.8264	 150.017
 45.8265	 150.007
 45.8277	 150.019
 45.8287	 150.019
 45.8295	 150.018
 45.8301	 150.018
 45.8326	 150.02
 45.8332	 150.021
 45.8344	 150.021
 45.837	 150.023
 45.8394	 150.025
 45.8396	 150.026
 45.8398	 150.038
 45.8405	 150.039
 45.8407	 150.027
 45.8408	 150.038
 45.8409	 150.037
 45.8423	 150.038
 45.8425	 150.035
 45.8425	 150.035
 45.843	 150.035
 45.8431	 150.032
 45.8446	 150.038
 45.8452	 150.039
 45.8464	 150.041
 45.8464	 150.046
 45.8467	 150.045
 45.8492	 150.045
 45.85	 150.046
 45.8512	 150.045
 45.8525	 150.045
 45.8566	 150.056
 45.8592	 150.056
 45.8597	 150.062
 45.8599	 150.059
 45.8612	 150.074
 45.8614	 150.066
 45.8625	 150.074
 45.8625	 150.075
 45.863	 150.075
 45.8638	 150.076
 45.8663	 150.077
 45.8664	 150.077
 45.8695	 150.077
 45.8695	 150.077
 45.87	 150.077
 45.8726	 150.087
 45.8726	 150.084
 45.8746	 150.087
 45.8746	 150.088
 45.8772	 150.088
 45.8772	 150.089
 45.8778	 150.089
 45.878	 150.095
 45.8781	 150.092
 45.8783	 150.091
 45.8788	 150.091
 45.879	 150.097
 45.8791	 150.09
 45.8797	 150.097
 45.8798	 150.098
 45.8831	 150.099
 45.8834	 150.101
 45.8839	 150.101
 45.8849	 150.104
 45.8851	 150.111
 45.887	 150.116
 45.887	 150.122
 45.8876	 150.122
 45.8887	 150.126
 45.89	 150.126
 45.8903	 150.127
 45.891	 150.127
 45.8912	 150.128
 45.8918	 150.129
 45.892	 150.13
 45.8968	 150.131
 45.8968	 150.132
 45.8976	 150.132
 45.8976	 150.133
 45.8981	 150.133
 45.899	 150.137
 45.9016	 150.138
 45.9024	 150.142
 45.9025	 150.142
 45.9035	 150.142
 45.9035	 150.143
 45.9045	 150.143
 45.9045	 150.144
 45.905	 150.144
 45.9058	 150.144
 45.9086	 150.143
 45.909	 150.139
 45.9095	 150.139
 45.9098	 150.138
 45.9113	 150.138
 45.9125	 150.134
 45.9135	 150.134
 45.9138	 150.134
 45.9148	 150.134
 45.9163	 150.134
 45.9164	 150.135
 45.9169	 150.135
 45.9181	 150.139
 45.9188	 150.14
 45.9197	 150.142
 45.9202	 150.149
 45.9204	 150.151
 45.9204	 150.148
 45.9224	 150.152
 45.923	 150.153
 45.9231	 150.152
 45.9241	 150.159
 45.9244	 150.155
 45.9247	 150.159
 45.9256	 150.164
 45.9266	 150.164
 45.9272	 150.165
 45.928	 150.17
 45.929	 150.17
 45.9291	 150.171
 45.9295	 150.17
 45.9296	 150.171
 45.9309	 150.172
 45.9314	 150.172
 45.9321	 150.17
 45.9334	 150.17
 45.9336	 150.168
 45.9341	 150.167
 45.9341	 150.168
 45.9345	 150.175
 45.9356	 150.166
 45.936	 150.183
 45.9363	 150.185
 45.9363	 150.175
 45.9365	 150.167
 45.9365	 150.183
 45.9366	 150.173
 45.9366	 150.17
 45.9367	 150.184
 45.9371	 150.173
 45.9371	 150.185
 45.9371	 150.171
 45.9372	 150.188
 45.9377	 150.188
 45.938	 150.191
 45.9384	 150.192
 45.9385	 150.191
 45.9387	 150.189
 45.9391	 150.192
 45.9397	 150.188
 45.9398	 150.189
 45.9405	 150.188
 45.9406	 150.185
 45.9414	 150.182
 45.9421	 150.181
 45.9422	 150.182
 45.9424	 150.178
 45.9425	 150.176
 45.9426	 150.179
 45.9427	 150.182
 45.9427	 150.177
 45.943	 150.176
 45.9431	 150.18
 45.9435	 150.175
 45.9453	 150.174
 45.9467	 150.175
 45.9474	 150.176
 45.9528	 150.176
 45.9528	 150.176
 45.9548	 150.176
 45.9571	 150.174
 45.9586	 150.175
 45.9602	 150.174
 45.9602	 150.175
 45.961	 150.175
 45.961	 150.176
 45.9615	 150.176
 45.9615	 150.177
 45.9627	 150.178
 45.9629	 150.181
 45.9632	 150.182
 45.9634	 150.18
 45.9634	 150.182
 45.9639	 150.181
 45.966	 150.183
 45.9683	 150.182
 45.9683	 150.183
 45.9699	 150.183
 45.9701	 150.183
 45.9712	 150.183
 45.9713	 150.183
 45.9732	 150.184
 45.9735	 150.183
 45.9769	 150.186
 45.9785	 150.188
 45.9808	 150.187
 45.9855	 150.188
 45.9856	 150.187
 45.987	 150.189
 45.9871	 150.19
 45.9891	 150.191
 45.9891	 150.192
 45.9914	 150.192
 45.993	 150.194
 45.994	 150.194
 45.994	 150.195
 45.995	 150.196
 45.9965	 150.197
 45.9967	 150.198
 45.9981	 150.199
 45.9983	 150.2
 45.9995	 150.2
 45.9996	 150.201
 0	 0
 0	 0
 0	 0
 0	 0
 46.8907	 152.002
 46.8911	 152.003
 46.8918	 152.004
 46.8921	 152.003
 46.8926	 152.004
 46.8931	 152.007
 46.8937	 152.007
 46.8945	 152.012
 46.8945	 152.013
 46.8949	 152.014
 46.895	 152.012
 46.8952	 152.012
 46.8958	 152.015
 46.896	 152.014
 46.8968	 152.014
 46.8977	 152.019
 46.898	 152.016
 46.8986	 152.024
 46.901	 152.029
 46.9031	 152.029
 46.9031	 152.03
 46.9039	 152.03
 46.9044	 152.031
 46.9111	 152.033
 46.9111	 152.034
 46.9134	 152.034
 46.9134	 152.035
 46.918	 152.038
 46.9182	 152.039
 46.9215	 152.04
 46.922	 152.042
 46.9237	 152.042
 46.925	 152.046
 46.9271	 152.046
 46.9276	 152.047
 46.9284	 152.047
 46.9284	 152.048
 46.9297	 152.048
 46.9297	 152.049
 46.9317	 152.049
 46.9323	 152.052
 46.9324	 152.051
 46.9329	 152.054
 46.933	 152.052
 46.9333	 152.055
 46.9351	 152.054
 46.9389	 152.055
 46.9411	 152.056
 46.9475	 152.063
 46.9501	 152.066
 46.9523	 152.069
 46.9538	 152.073
 46.9555	 152.076
 46.9564	 152.078
 46.9574	 152.078
 46.959	 152.08
 46.9602	 152.081
 46.9618	 152.081
 46.9658	 152.084
 46.9675	 152.084
 46.9696	 152.086
 46.9716	 152.087
 46.974	 152.089
 46.9755	 152.092
 46.9757	 152.001
 46.9757	 152.001
 46.9761	 152.002
 46.9767	 152.102
 46.9768	 152.002
 46.9769	 152.094
 46.977	 152.099
 46.9775	 152.003
 46.9775	 152.098
 46.9776	 152.099
 46.9776	 152.102
 46.9779	 152.096
 46.978	 152.107
 46.978	 152.103
 46.9782	 152.098
 46.9782	 152.11
 46.9783	 152.003
 46.9783	 152.097
 46.9784	 152.003
 46.9784	 152.003
 46.9786	 152.105
 46.9786	 152.002
 46.9787	 152.002
 46.9787	 152.104
 46.9788	 152.102
 46.9789	 152.113
 46.979	 152.003
 46.9791	 152.003
 46.9792	 152.103
 46.9795	 152.002
 46.9797	 152.113
 46.9798	 152.002
 46.9804	 152.114
 46.9807	 152.002
 46.9807	 152.008
 46.9808	 152.009
 46.9808	 152.007
 46.9808	 152.006
 46.9809	 152.011
 46.9809	 152.011
 46.981	 152.002
 46.981	 152.013
 46.9811	 152.002
 46.9811	 152.006
 46.9812	 152.006
 46.9812	 152.003
 46.9812	 152.116
 46.9813	 152.003
 46.9813	 152.014
 46.9813	 152.003
 46.9814	 152.118
 46.9814	 152.005
 46.9815	 152.005
 46.9815	 152.005
 46.9816	 152.015
 46.9816	 152.004
 46.9816	 152.004
 46.9816	 152.004
 46.9818	 152.015
 46.9819	 152.12
 46.9826	 152.016
 46.983	 152.017
 46.983	 152.018
 46.9831	 152.017
 46.9831	 152.017
 46.9831	 152.019
 46.9831	 152.017
 46.9831	 152.017
 46.9832	 152.017
 46.9833	 152.017
 46.9834	 152.019
 46.9836	 152.019
 46.9838	 152.019
 46.9838	 152.019
 46.984	 152.019
 46.984	 152.125
 46.984	 152.019
 46.9842	 152.019
 46.9844	 152.019
 46.9845	 152.019
 46.9845	 152.128
 46.9846	 152.019
 46.9846	 152.019
 46.9846	 152.019
 46.9846	 152.021
 46.9846	 152.021
 46.9847	 152.019
 46.9847	 152.019
 46.9847	 152.02
 46.9847	 152.13
 46.9847	 152.02
 46.9848	 152.022
 46.9848	 152.019
 46.9848	 152.02
 46.9848	 152.019
 46.9849	 152.019
 46.9849	 152.023
 46.985	 152.023
 46.985	 152.02
 46.985	 152.019
 46.9851	 152.019
 46.9851	 152.02
 46.9851	 152.02
 46.9851	 152.02
 46.9851	 152.02
 46.9852	 152.02
 46.9853	 152.131
 46.9853	 152.025
 46.9856	 152.025
 46.9857	 152.025
 46.9859	 152.141
 46.9861	 152.026
 46.9862	 152.14
 46.9864	 152.026
 46.9865	 152.026
 46.9868	 152.026
 46.987	 152.026
 46.987	 152.035
 46.987	 152.026
 46.9871	 152.142
 46.9871	 152.036
 46.9871	 152.036
 46.9872	 152.027
 46.9873	 152.033
 46.9873	 152.027
 46.9873	 152.033
 46.9873	 152.027
 46.9873	 152.037
 46.9873	 152.037
 46.9874	 152.027
 46.9874	 152.033
 46.9875	 152.027
 46.9875	 152.037
 46.9875	 152.027
 46.9876	 152.033
 46.9876	 152.038
 46.9876	 152.14
 46.9876	 152.027
 46.9876	 152.032
 46.9876	 152.032
 46.9876	 152.038
 46.9876	 152.032
 46.9876	 152.038
 46.9877	 152.033
 46.9877	 152.038
 46.9877	 152.027
 46.9877	 152.032
 46.9877	 152.038
 46.9879	 152.029
 46.9879	 152.029
 46.9879	 152.032
 46.9879	 152.039
 46.988	 152.032
 46.988	 152.028
 46.988	 152.027
 46.988	 152.03
 46.988	 152.032
 46.9881	 152.028
 46.9881	 152.027
 46.9881	 152.03
 46.9881	 152.026
 46.9882	 152.032
 46.9882	 152.031
 46.9884	 152.031
 46.9884	 152.026
 46.9884	 152.04
 46.9884	 152.028
 46.9885	 152.031
 46.9885	 152.03
 46.9886	 152.03
 46.9887	 152.026
 46.9887	 152.026
 46.9887	 152.028
 46.9887	 152.031
 46.9888	 152.027
 46.9888	 152.028
 46.9888	 152.041
 46.9888	 152.031
 46.9888	 152.03
 46.9889	 152.14
 46.9889	 152.041
 46.9889	 152.028
 46.9889	 152.03
 46.9889	 152.028
 46.989	 152.028
 46.989	 152.026
 46.9891	 152.028
 46.9891	 152.031
 46.9891	 152.028
 46.9891	 152.041
 46.9891	 152.028
 46.9891	 152.041
 46.9892	 152.031
 46.9893	 152.03
 46.9893	 152.028
 46.9893	 152.041
 46.9893	 152.041
 46.9893	 152.031
 46.9894	 152.031
 46.9894	 152.041
 46.9895	 152.031
 46.9895	 152.041
 46.9895	 152.041
 46.9895	 152.041
 46.9895	 152.042
 46.9895	 152.041
 46.9896	 152.027
 46.9897	 152.028
 46.9897	 152.027
 46.9898	 152.027
 46.9899	 152.026
 46.9899	 152.027
 46.99	 152.027
 46.9901	 152.027
 46.9902	 152.139
 46.9907	 152.044
 46.9909	 152.044
 46.9912	 152.044
 46.9912	 152.045
 46.992	 152.046
 46.992	 152.047
 46.9922	 152.141
 46.9925	 152.048
 46.993	 152.047
 46.993	 152.048
 46.9933	 152.048
 46.9935	 152.142
 46.9938	 152.048
 46.9947	 152.145
 46.9948	 152.047
 46.9953	 152.05
 46.9958	 152.146
 46.996	 152.051
 46.9965	 152.052
 46.9967	 152.153
 46.9967	 152.151
 46.9967	 152.054
 46.9968	 152.147
 46.997	 152.15
 46.997	 152.055
 46.997	 152.153
 46.9971	 152.149
 46.9976	 152.056
 46.9979	 152.151
 46.9979	 152.152
 46.9981	 152.152
 46.9985	 152.057
 46.9988	 152.151
 46.999	 152.057
 46.9992	 152.152
 46.9995	 152.152
 46.9995	 152.058
 46.9998	 152.153
 46.9999	 152.152
 47	 152.059
 46.7684	 151.797
 46.7684	 151.798
 46.7685	 151.799
 46.7689	 151.793
 46.7689	 151.793
 46.7689	 151.8
 46.769	 151.792
 46.7691	 151.791
 46.7692	 151.79
 46.7697	 151.788
 46.7697	 151.787
 46.7699	 151.786
 46.7699	 151.786
 46.7701	 151.784
 46.7703	 151.803
 46.7704	 151.783
 46.7707	 151.782
 46.7708	 151.803
 46.7711	 151.804
 46.7711	 151.777
 46.7711	 151.777
 46.7712	 151.777
 46.7713	 151.778
 46.7713	 151.804
 46.7713	 151.776
 46.7716	 151.806
 46.7719	 151.806
 46.7719	 151.775
 46.7721	 151.774
 46.7721	 151.774
 46.7722	 151.773
 46.7722	 151.807
 46.7726	 151.772
 46.773	 151.807
 46.7731	 151.77
 46.7734	 151.769
 46.7735	 151.808
 46.7736	 151.809
 46.7736	 151.809
 46.7737	 151.81
 46.7737	 151.811
 46.7738	 151.811
 46.7739	 151.811
 46.7739	 151.813
 46.7739	 151.813
 46.774	 151.814
 46.774	 151.814
 46.7742	 151.816
 46.7744	 151.766
 46.7744	 151.765
 46.7744	 151.766
 46.7746	 151.764
 46.7748	 151.818
 46.7749	 151.764
 46.7752	 151.819
 46.7752	 151.819
 46.7752	 151.763
 46.7755	 151.762
 46.7755	 151.761
 46.7756	 151.819
 46.7758	 151.76
 46.776	 151.82
 46.7762	 151.82
 46.7762	 151.759
 46.7768	 151.758
 46.7769	 151.822
 46.777	 151.822
 46.7773	 151.757
 46.7774	 151.823
 46.7781	 151.756
 46.7781	 151.824
 46.7784	 151.756
 46.7792	 151.825
 46.7793	 151.755
 46.78	 151.754
 46.7806	 151.826
 46.7806	 151.753
 46.7809	 151.752
 46.7811	 151.75
 46.7813	 151.75
 46.7815	 151.827
 46.7816	 151.749
 46.7826	 151.829
 46.783	 151.829
 46.7831	 151.748
 46.7831	 151.829
 46.7833	 151.829
 46.7835	 151.748
 46.7837	 151.83
 46.7838	 151.83
 46.7839	 151.83
 46.7839	 151.748
 46.7843	 151.83
 46.785	 151.745
 46.785	 151.745
 46.7852	 151.745
 46.7852	 151.744
 46.7853	 151.745
 46.7853	 151.744
 46.7853	 151.746
 46.7854	 151.745
 46.7854	 151.744
 46.7856	 151.744
 46.7856	 151.744
 46.7856	 151.744
 46.7856	 151.744
 46.7858	 151.744
 46.7858	 151.832
 46.7859	 151.743
 46.7859	 151.743
 46.7859	 151.743
 46.786	 151.744
 46.7862	 151.833
 46.7862	 151.743
 46.7862	 151.744
 46.7863	 151.743
 46.7864	 151.742
 46.7864	 151.742
 46.7865	 151.742
 46.7865	 151.742
 46.7865	 151.742
 46.7866	 151.742
 46.7868	 151.742
 46.7868	 151.742
 46.7869	 151.742
 46.7878	 151.741
 46.7878	 151.742
 46.7879	 151.741
 46.788	 151.834
 46.7881	 151.741
 46.7883	 151.741
 46.7884	 151.742
 46.7887	 151.741
 46.7888	 151.741
 46.789	 151.835
 46.7897	 151.739
 46.7899	 151.836
 46.7906	 151.837
 46.7911	 151.737
 46.7912	 151.838
 46.7916	 151.839
 46.7919	 151.839
 46.7925	 151.735
 46.7927	 151.84
 46.7934	 151.735
 46.7936	 151.841
 46.7941	 151.735
 46.7942	 151.842
 46.7943	 151.842
 46.795	 151.843
 46.7957	 151.735
 46.7958	 151.844
 46.7964	 151.845
 46.7965	 151.735
 46.7971	 151.846
 46.7979	 151.734
 46.798	 151.848
 46.7984	 151.734
 46.7989	 151.85
 46.7991	 151.734
 46.7999	 151.851
 46.8004	 151.733
 46.8004	 151.852
 46.8005	 151.852
 46.8009	 151.852
 46.8011	 151.852
 46.8012	 151.853
 46.8015	 151.853
 46.802	 151.854
 46.8026	 151.854
 46.8037	 151.855
 46.8041	 151.732
 46.8042	 151.855
 46.8051	 151.856
 46.8059	 151.857
 46.8071	 151.859
 46.8079	 151.86
 46.8083	 151.73
 46.8088	 151.729
 46.8089	 151.731
 46.8092	 151.862
 46.8099	 151.863
 46.8107	 151.728
 46.8109	 151.863
 46.8114	 151.725
 46.8114	 151.864
 46.8121	 151.726
 46.8122	 151.864
 46.8135	 151.865
 46.8137	 151.866
 46.8141	 151.866
 46.8144	 151.866
 46.8145	 151.866
 46.8146	 151.866
 46.8146	 151.866
 46.8152	 151.867
 46.8155	 151.728
 46.8155	 151.729
 46.8156	 151.867
 46.8156	 151.867
 46.8157	 151.725
 46.8162	 151.867
 46.8162	 151.867
 46.8163	 151.728
 46.8164	 151.868
 46.8165	 151.729
 46.8166	 151.868
 46.8169	 151.869
 46.8169	 151.869
 46.8169	 151.869
 46.817	 151.868
 46.817	 151.868
 46.817	 151.869
 46.817	 151.868
 46.817	 151.869
 46.8172	 151.869
 46.8174	 151.869
 46.8174	 151.869
 46.8175	 151.869
 46.8176	 151.728
 46.8176	 151.869
 46.8179	 151.869
 46.818	 151.87
 46.8182	 151.869
 46.8182	 151.87
 46.8184	 151.869
 46.8184	 151.87
 46.8184	 151.87
 46.8185	 151.87
 46.8187	 151.87
 46.819	 151.87
 46.8191	 151.725
 46.8191	 151.87
 46.8191	 151.87
 46.8191	 151.87
 46.8191	 151.87
 46.8192	 151.87
 46.8193	 151.87
 46.8193	 151.87
 46.8194	 151.87
 46.8195	 151.87
 46.8195	 151.87
 46.8195	 151.87
 46.8196	 151.871
 46.8196	 151.871
 46.8199	 151.871
 46.82	 151.871
 46.8201	 151.871
 46.8201	 151.871
 46.8202	 151.871
 46.8203	 151.725
 46.8204	 151.727
 46.8204	 151.871
 46.8206	 151.872
 46.8206	 151.872
 46.8208	 151.872
 46.8211	 151.873
 46.8211	 151.872
 46.8211	 151.872
 46.8212	 151.873
 46.8212	 151.872
 46.8214	 151.873
 46.8215	 151.873
 46.8215	 151.872
 46.8215	 151.872
 46.8219	 151.872
 46.8221	 151.873
 46.8222	 151.873
 46.8224	 151.873
 46.8225	 151.873
 46.8228	 151.873
 46.8229	 151.875
 46.8229	 151.873
 46.8229	 151.876
 46.8229	 151.873
 46.823	 151.875
 46.823	 151.874
 46.8231	 151.875
 46.8231	 151.874
 46.8231	 151.875
 46.8232	 151.874
 46.8233	 151.874
 46.8233	 151.874
 46.8234	 151.877
 46.8234	 151.875
 46.8234	 151.877
 46.8234	 151.876
 46.8235	 151.875
 46.8235	 151.876
 46.8235	 151.877
 46.8235	 151.874
 46.8235	 151.876
 46.8235	 151.874
 46.8235	 151.876
 46.8236	 151.874
 46.8236	 151.874
 46.8237	 151.875
 46.8237	 151.875
 46.8237	 151.874
 46.8237	 151.874
 46.8237	 151.874
 46.8238	 151.877
 46.824	 151.877
 46.8241	 151.876
 46.8243	 151.876
 46.8243	 151.876
 46.8245	 151.876
 46.8246	 151.876
 46.8249	 151.875
 46.8251	 151.876
 46.8251	 151.876
 46.8251	 151.875
 46.8252	 151.876
 46.8252	 151.875
 46.8252	 151.875
 46.8253	 151.875
 46.8253	 151.875
 46.8253	 151.876
 46.8254	 151.876
 46.8255	 151.876
 46.8255	 151.876
 46.8257	 151.875
 46.8259	 151.875
 46.8262	 151.875
 46.8262	 151.875
 46.8262	 151.876
 46.8262	 151.876
 46.8262	 151.876
 46.8263	 151.876
 46.8264	 151.877
 46.8264	 151.877
 46.8264	 151.876
 46.8265	 151.876
 46.8266	 151.877
 46.8266	 151.876
 46.8267	 151.876
 46.8267	 151.875
 46.8267	 151.876
 46.8267	 151.876
 46.8268	 151.876
 46.8268	 151.876
 46.8268	 151.877
 46.8269	 151.876
 46.827	 151.876
 46.8272	 151.876
 46.8273	 151.876
 46.8274	 151.876
 46.8275	 151.876
 46.8275	 151.875
 46.8275	 151.876
 46.8276	 151.875
 46.8283	 151.727
 46.8283	 151.876
 46.8287	 151.876
 46.8288	 151.876
 46.8291	 151.876
 46.8292	 151.876
 46.8294	 151.726
 46.8295	 151.876
 46.8296	 151.725
 46.8301	 151.876
 46.8302	 151.724
 46.8302	 151.876
 46.8306	 151.723
 46.8306	 151.876
 46.8313	 151.876
 46.8316	 151.723
 46.8317	 151.721
 46.8322	 151.877
 46.8324	 151.878
 46.8328	 151.718
 46.8328	 151.878
 46.8329	 151.878
 46.8337	 151.879
 46.8337	 151.879
 46.8339	 151.88
 46.8342	 151.88
 46.8345	 151.88
 46.8348	 151.881
 46.8349	 151.881
 46.8354	 151.881
 46.8354	 151.716
 46.8358	 151.881
 46.8359	 151.881
 46.8361	 151.882
 46.8361	 151.883
 46.8361	 151.882
 46.8362	 151.882
 46.8363	 151.883
 46.8363	 151.883
 46.8364	 151.883
 46.8365	 151.884
 46.8366	 151.884
 46.8367	 151.884
 46.8367	 151.884
 46.8367	 151.884
 46.8369	 151.884
 46.837	 151.884
 46.8381	 151.706
 46.8381	 151.886
 46.8383	 151.886
 46.8384	 151.886
 46.8385	 151.886
 46.8385	 151.887
 46.8385	 151.887
 46.8386	 151.887
 46.8387	 151.887
 46.8396	 151.888
 46.8397	 151.888
 46.8403	 151.889
 46.8404	 151.889
 46.8404	 151.706
 46.8408	 151.889
 46.8409	 151.89
 46.8413	 151.708
 46.8414	 151.891
 46.8415	 151.711
 46.8415	 151.891
 46.842	 151.711
 46.8421	 151.891
 46.8422	 151.715
 46.8426	 151.716
 46.8426	 151.892
 46.8428	 151.892
 46.8433	 151.892
 46.8436	 151.893
 46.8439	 151.893
 46.8442	 151.894
 46.8444	 151.894
 46.8445	 151.894
 46.8446	 151.895
 46.8447	 151.895
 46.8447	 151.895
 46.8448	 151.895
 46.8449	 151.895
 46.8449	 151.895
 46.845	 151.896
 46.8451	 151.716
 46.8451	 151.896
 46.8452	 151.896
 46.8453	 151.718
 46.8453	 151.896
 46.8454	 151.896
 46.8454	 151.72
 46.8455	 151.717
 46.8456	 151.896
 46.8457	 151.896
 46.8458	 151.896
 46.8459	 151.896
 46.846	 151.897
 46.8461	 151.897
 46.8462	 151.897
 46.8462	 151.897
 46.8463	 151.897
 46.8464	 151.897
 46.8466	 151.897
 46.8466	 151.897
 46.8468	 151.898
 46.8469	 151.898
 46.8469	 151.898
 46.847	 151.898
 46.8474	 151.899
 46.8474	 151.899
 46.8476	 151.899
 46.8476	 151.899
 46.8477	 151.899
 46.8478	 151.899
 46.848	 151.718
 46.848	 151.719
 46.8481	 151.9
 46.8481	 151.9
 46.8482	 151.9
 46.8483	 151.9
 46.8485	 151.904
 46.8485	 151.904
 46.8485	 151.904
 46.8485	 151.901
 46.8486	 151.905
 46.8486	 151.904
 46.8486	 151.905
 46.8486	 151.904
 46.8486	 151.905
 46.8486	 151.904
 46.8486	 151.905
 46.8487	 151.905
 46.8487	 151.904
 46.8487	 151.905
 46.8487	 151.904
 46.8487	 151.905
 46.8487	 151.903
 46.8487	 151.905
 46.8487	 151.904
 46.8487	 151.904
 46.8487	 151.904
 46.8487	 151.905
 46.8488	 151.903
 46.8488	 151.904
 46.8488	 151.904
 46.8488	 151.901
 46.8488	 151.903
 46.8489	 151.903
 46.8489	 151.903
 46.8489	 151.902
 46.8489	 151.905
 46.8489	 151.903
 46.8489	 151.902
 46.8489	 151.901
 46.849	 151.903
 46.849	 151.718
 46.849	 151.902
 46.849	 151.905
 46.849	 151.905
 46.849	 151.905
 46.8491	 151.904
 46.8491	 151.902
 46.8491	 151.903
 46.8491	 151.903
 46.8491	 151.904
 46.8491	 151.904
 46.8491	 151.902
 46.8491	 151.904
 46.8491	 151.904
 46.8492	 151.905
 46.8492	 151.904
 46.8492	 151.904
 46.8492	 151.904
 46.8492	 151.717
 46.8492	 151.902
 46.8493	 151.904
 46.8493	 151.904
 46.8494	 151.904
 46.8495	 151.904
 46.8495	 151.845
 46.8495	 151.847
 46.8495	 151.845
 46.8496	 151.904
 46.8497	 151.845
 46.8497	 151.844
 46.8498	 151.904
 46.8498	 151.849
 46.8498	 151.844
 46.8498	 151.904
 46.8498	 151.844
 46.8498	 151.904
 46.8499	 151.904
 46.8499	 151.904
 46.8499	 151.844
 46.8499	 151.904
 46.8499	 151.904
 46.8499	 151.905
 46.85	 151.905
 46.85	 151.905
 46.85	 151.843
 46.85	 151.843
 46.85	 151.904
 46.8501	 151.904
 46.8501	 151.905
 46.8502	 151.851
 46.8502	 151.904
 46.8502	 151.905
 46.8502	 151.905
 46.8502	 151.842
 46.8503	 151.717
 46.8503	 151.842
 46.8503	 151.905
 46.8504	 151.905
 46.8505	 151.905
 46.8505	 151.904
 46.8506	 151.904
 46.8506	 151.904
 46.8507	 151.905
 46.8508	 151.905
 46.8508	 151.854
 46.8509	 151.854
 46.8509	 151.905
 46.851	 151.905
 46.851	 151.905
 46.8511	 151.905
 46.8512	 151.84
 46.8513	 151.905
 46.8513	 151.84
 46.8513	 151.717
 46.8513	 151.733
 46.8514	 151.906
 46.8515	 151.906
 46.8515	 151.906
 46.8515	 151.735
 46.8515	 151.716
 46.8516	 151.906
 46.8516	 151.857
 46.8517	 151.906
 46.8517	 151.906
 46.8517	 151.839
 46.8518	 151.839
 46.8518	 151.906
 46.8519	 151.838
 46.852	 151.838
 46.852	 151.836
 46.852	 151.836
 46.8521	 151.717
 46.8521	 151.793
 46.8521	 151.795
 46.8521	 151.907
 46.8521	 151.793
 46.8522	 151.835
 46.8522	 151.907
 46.8522	 151.835
 46.8523	 151.907
 46.8523	 151.907
 46.8524	 151.792
 46.8524	 151.907
 46.8524	 151.797
 46.8524	 151.859
 46.8524	 151.792
 46.8524	 151.728
 46.8526	 151.721
 46.8526	 151.908
 46.8527	 151.911
 46.8527	 151.797
 46.8527	 151.912
 46.8527	 151.911
 46.8528	 151.912
 46.8528	 151.911
 46.8528	 151.797
 46.8528	 151.736
 46.8528	 151.908
 46.8528	 151.911
 46.8528	 151.833
 46.8528	 151.73
 46.8529	 151.791
 46.8529	 151.912
 46.8529	 151.912
 46.8529	 151.911
 46.8529	 151.908
 46.8529	 151.912
 46.8529	 151.791
 46.8529	 151.908
 46.8529	 151.86
 46.8529	 151.912
 46.853	 151.912
 46.853	 151.908
 46.853	 151.912
 46.853	 151.908
 46.853	 151.909
 46.853	 151.912
 46.853	 151.912
 46.853	 151.798
 46.853	 151.909
 46.853	 151.909
 46.853	 151.911
 46.8531	 151.909
 46.8531	 151.912
 46.8531	 151.912
 46.8531	 151.911
 46.8531	 151.911
 46.8531	 151.912
 46.8531	 151.911
 46.8531	 151.912
 46.8531	 151.722
 46.8531	 151.912
 46.8531	 151.909
 46.8532	 151.909
 46.8532	 151.832
 46.8532	 151.911
 46.8532	 151.831
 46.8532	 151.912
 46.8532	 151.911
 46.8532	 151.911
 46.8532	 151.911
 46.8532	 151.91
 46.8532	 151.911
 46.8533	 151.911
 46.8533	 151.791
 46.8533	 151.911
 46.8533	 151.91
 46.8533	 151.91
 46.8533	 151.91
 46.8533	 151.911
 46.8533	 151.911
 46.8533	 151.83
 46.8533	 151.83
 46.8533	 151.91
 46.8533	 151.91
 46.8533	 151.911
 46.8533	 151.911
 46.8534	 151.91
 46.8534	 151.911
 46.8534	 151.911
 46.8534	 151.912
 46.8534	 151.911
 46.8534	 151.721
 46.8534	 151.912
 46.8534	 151.911
 46.8534	 151.912
 46.8535	 151.912
 46.8535	 151.8
 46.8535	 151.912
 46.8535	 151.736
 46.8536	 151.912
 46.8537	 151.912
 46.8537	 151.828
 46.8537	 151.727
 46.8537	 151.728
 46.8537	 151.828
 46.8538	 151.912
 46.8539	 151.744
 46.8539	 151.913
 46.8539	 151.913
 46.8539	 151.862
 46.854	 151.913
 46.854	 151.913
 46.854	 151.914
 46.854	 151.914
 46.854	 151.801
 46.8541	 151.914
 46.8541	 151.914
 46.8541	 151.913
 46.8541	 151.914
 46.8541	 151.801
 46.8541	 151.914
 46.8541	 151.741
 46.8541	 151.913
 46.8543	 151.914
 46.8543	 151.862
 46.8543	 151.914
 46.8544	 151.801
 46.8544	 151.914
 46.8545	 151.915
 46.8545	 151.737
 46.8545	 151.915
 46.8545	 151.801
 46.8545	 151.914
 46.8545	 151.914
 46.8545	 151.914
 46.8545	 151.915
 46.8545	 151.825
 46.8545	 151.914
 46.8546	 151.825
 46.8546	 151.915
 46.8547	 151.915
 46.8548	 151.915
 46.8548	 151.915
 46.8548	 151.915
 46.8548	 151.864
 46.8549	 151.915
 46.8549	 151.802
 46.8549	 151.824
 46.8549	 151.741
 46.8549	 151.824
 46.8549	 151.916
 46.8549	 151.915
 46.8549	 151.915
 46.855	 151.916
 46.855	 151.916
 46.855	 151.916
 46.855	 151.916
 46.855	 151.916
 46.855	 151.916
 46.855	 151.916
 46.855	 151.916
 46.8551	 151.916
 46.8551	 151.916
 46.8551	 151.803
 46.8551	 151.916
 46.8552	 151.916
 46.8552	 151.723
 46.8552	 151.823
 46.8553	 151.916
 46.8553	 151.823
 46.8553	 151.917
 46.8553	 151.822
 46.8553	 151.917
 46.8554	 151.917
 46.8554	 151.917
 46.8554	 151.744
 46.8555	 151.917
 46.8555	 151.789
 46.8555	 151.75
 46.8555	 151.752
 46.8556	 151.917
 46.8556	 151.917
 46.8556	 151.76
 46.8557	 151.804
 46.8557	 151.75
 46.8558	 151.757
 46.8558	 151.757
 46.8558	 151.781
 46.8559	 151.866
 46.8559	 151.821
 46.8559	 151.918
 46.8559	 151.918
 46.856	 151.746
 46.856	 151.771
 46.8561	 151.755
 46.8561	 151.762
 46.8561	 151.919
 46.8562	 151.919
 46.8562	 151.805
 46.8563	 151.726
 46.8563	 151.919
 46.8563	 151.867
 46.8563	 151.751
 46.8563	 151.751
 46.8563	 151.919
 46.8563	 151.867
 46.8563	 151.757
 46.8563	 151.757
 46.8564	 151.784
 46.8564	 151.76
 46.8565	 151.92
 46.8565	 151.769
 46.8565	 151.92
 46.8566	 151.754
 46.8566	 151.923
 46.8566	 151.923
 46.8566	 151.923
 46.8566	 151.762
 46.8566	 151.923
 46.8566	 151.867
 46.8567	 151.923
 46.8567	 151.92
 46.8567	 151.923
 46.8567	 151.922
 46.8567	 151.923
 46.8567	 151.92
 46.8567	 151.923
 46.8567	 151.867
 46.8567	 151.921
 46.8567	 151.921
 46.8567	 151.921
 46.8567	 151.923
 46.8567	 151.922
 46.8567	 151.922
 46.8568	 151.92
 46.8568	 151.868
 46.8568	 151.924
 46.8568	 151.924
 46.8568	 151.922
 46.8568	 151.923
 46.8568	 151.924
 46.8568	 151.868
 46.8568	 151.923
 46.8568	 151.924
 46.8568	 151.922
 46.8568	 151.924
 46.8568	 151.925
 46.8568	 151.924
 46.8568	 151.924
 46.8568	 151.924
 46.8568	 151.924
 46.8568	 151.925
 46.8568	 151.922
 46.8569	 151.781
 46.8569	 151.922
 46.8569	 151.781
 46.8569	 151.925
 46.8569	 151.925
 46.8569	 151.784
 46.8569	 151.925
 46.8569	 151.925
 46.8569	 151.818
 46.857	 151.925
 46.857	 151.807
 46.857	 151.818
 46.857	 151.749
 46.857	 151.763
 46.8571	 151.818
 46.8571	 151.925
 46.8571	 151.766
 46.8571	 151.925
 46.8572	 151.786
 46.8572	 151.787
 46.8572	 151.926
 46.8572	 151.925
 46.8572	 151.925
 46.8572	 151.769
 46.8572	 151.746
 46.8573	 151.818
 46.8573	 151.926
 46.8573	 151.926
 46.8573	 151.817
 46.8573	 151.926
 46.8573	 151.926
 46.8573	 151.778
 46.8574	 151.788
 46.8575	 151.808
 46.8575	 151.808
 46.8575	 151.927
 46.8576	 151.816
 46.8576	 151.767
 46.8576	 151.78
 46.8576	 151.816
 46.8576	 151.928
 46.8577	 151.928
 46.8577	 151.81
 46.8577	 151.786
 46.8577	 151.816
 46.8577	 151.869
 46.8578	 151.813
 46.8578	 151.815
 46.8578	 151.816
 46.8578	 151.928
 46.8578	 151.814
 46.8578	 151.814
 46.8578	 151.928
 46.8578	 151.928
 46.8578	 151.928
 46.8578	 151.928
 46.8579	 151.778
 46.8579	 151.928
 46.8579	 151.929
 46.8579	 151.787
 46.8581	 151.929
 46.8582	 151.929
 46.8584	 151.929
 46.8584	 151.929
 46.8586	 151.773
 46.8587	 151.93
 46.8587	 151.93
 46.8587	 151.93
 46.8589	 151.93
 46.8591	 151.93
 46.8592	 151.871
 46.8593	 151.931
 46.8593	 151.931
 46.8594	 151.931
 46.8594	 151.931
 46.8594	 151.932
 46.8596	 151.933
 46.8598	 151.872
 46.8599	 151.935
 46.8599	 151.94
 46.8599	 151.94
 46.8599	 151.941
 46.8599	 151.94
 46.8599	 151.941
 46.8599	 151.94
 46.86	 151.939
 46.86	 151.938
 46.86	 151.939
 46.86	 151.935
 46.86	 151.94
 46.8601	 151.94
 46.8601	 151.939
 46.8601	 151.939
 46.8601	 151.942
 46.8601	 151.938
 46.8601	 151.938
 46.8601	 151.938
 46.8602	 151.938
 46.8602	 151.937
 46.8603	 151.937
 46.8603	 151.943
 46.8604	 151.873
 46.8605	 151.943
 46.8606	 151.943
 46.8607	 151.944
 46.8607	 151.944
 46.8608	 151.944
 46.8609	 151.944
 46.8609	 151.944
 46.8609	 151.873
 46.861	 151.873
 46.861	 151.944
 46.861	 151.944
 46.8612	 151.945
 46.8612	 151.945
 46.8612	 151.945
 46.8613	 151.945
 46.8614	 151.874
 46.8615	 151.945
 46.8615	 151.945
 46.8616	 151.946
 46.8616	 151.946
 46.8616	 151.946
 46.8616	 151.946
 46.8617	 151.946
 46.8617	 151.874
 46.8617	 151.946
 46.8618	 151.946
 46.8619	 151.946
 46.8619	 151.946
 46.8621	 151.875
 46.8622	 151.875
 46.8622	 151.946
 46.8626	 151.876
 46.8627	 151.947
 46.8628	 151.947
 46.863	 151.947
 46.863	 151.876
 46.863	 151.947
 46.8632	 151.947
 46.8633	 151.947
 46.8633	 151.948
 46.8635	 151.948
 46.8636	 151.948
 46.8636	 151.877
 46.8637	 151.948
 46.8639	 151.949
 46.8639	 151.95
 46.864	 151.877
 46.8641	 151.95
 46.8641	 151.95
 46.8642	 151.951
 46.8643	 151.951
 46.8644	 151.951
 46.8644	 151.951
 46.8645	 151.877
 46.8645	 151.951
 46.8646	 151.952
 46.8649	 151.878
 46.8649	 151.952
 46.865	 151.952
 46.8651	 151.952
 46.8651	 151.952
 46.8652	 151.953
 46.8653	 151.953
 46.8654	 151.878
 46.8658	 151.953
 46.8658	 151.953
 46.8658	 151.878
 46.8659	 151.954
 46.8659	 151.954
 46.866	 151.954
 46.866	 151.954
 46.866	 151.954
 46.8661	 151.954
 46.8661	 151.954
 46.8662	 151.954
 46.8663	 151.954
 46.8663	 151.954
 46.8664	 151.878
 46.8666	 151.954
 46.8666	 151.954
 46.8666	 151.954
 46.8669	 151.877
 46.867	 151.955
 46.8671	 151.955
 46.8672	 151.956
 46.8673	 151.956
 46.8674	 151.956
 46.8674	 151.956
 46.8675	 151.956
 46.8675	 151.956
 46.8675	 151.876
 46.8676	 151.956
 46.8676	 151.956
 46.8679	 151.957
 46.8679	 151.957
 46.8681	 151.957
 46.8681	 151.876
 46.8681	 151.957
 46.8681	 151.957
 46.8681	 151.957
 46.8681	 151.957
 46.8682	 151.876
 46.8683	 151.958
 46.8683	 151.958
 46.8684	 151.958
 46.8685	 151.958
 46.8686	 151.958
 46.8686	 151.958
 46.8687	 151.876
 46.8688	 151.876
 46.8689	 151.959
 46.8689	 151.959
 46.869	 151.959
 46.869	 151.959
 46.8692	 151.959
 46.8693	 151.959
 46.8694	 151.959
 46.8694	 151.959
 46.8694	 151.959
 46.8695	 151.96
 46.8696	 151.875
 46.8697	 151.96
 46.8697	 151.96
 46.8698	 151.96
 46.8702	 151.875
 46.8706	 151.874
 46.8709	 151.874
 46.871	 151.874
 46.8711	 151.873
 46.8712	 151.873
 46.8717	 151.874
 46.872	 151.874
 46.8721	 151.874
 46.8723	 151.874
 46.8724	 151.874
 46.8727	 151.874
 46.8733	 151.874
 46.8737	 151.97
 46.8737	 151.874
 46.8743	 151.874
 46.8744	 151.971
 46.8746	 151.97
 46.8748	 151.873
 46.8752	 151.873
 46.8753	 151.873
 46.8759	 151.874
 46.876	 151.875
 46.8761	 151.875
 46.8762	 151.875
 46.8763	 151.875
 46.8768	 151.875
 46.8772	 151.876
 46.8772	 151.876
 46.8776	 151.876
 46.8776	 151.876
 46.8778	 151.977
 46.8779	 151.877
 46.8781	 151.877
 46.8783	 151.978
 46.8783	 151.877
 46.8784	 151.979
 46.8787	 151.877
 46.8788	 151.878
 46.8791	 151.878
 46.8794	 151.878
 46.8797	 151.878
 46.8798	 151.878
 46.8798	 151.878
 46.88	 151.877
 46.8801	 151.877
 46.8803	 151.878
 46.8804	 151.981
 46.8805	 151.878
 46.8805	 151.878
 46.8807	 151.878
 46.8808	 151.881
 46.8809	 151.981
 46.8809	 151.881
 46.8809	 151.881
 46.881	 151.879
 46.881	 151.88
 46.8812	 151.88
 46.8812	 151.882
 46.8812	 151.879
 46.8812	 151.88
 46.8814	 151.88
 46.8814	 151.879
 46.8814	 151.88
 46.8814	 151.879
 46.8815	 151.882
 46.8817	 151.882
 46.8818	 151.882
 46.8824	 151.882
 46.8827	 151.882
 46.883	 151.883
 46.8831	 151.988
 46.8833	 151.883
 46.8837	 151.883
 46.8843	 151.884
 46.8848	 151.885
 46.8849	 151.991
 46.8851	 151.991
 46.8853	 151.885
 46.8856	 151.991
 46.8856	 151.992
 46.886	 151.886
 46.8861	 151.992
 46.8862	 151.993
 46.8867	 151.887
 46.8868	 151.887
 46.8871	 151.994
 46.8871	 151.994
 46.8872	 151.888
 46.8875	 151.888
 46.8878	 151.888
 46.8883	 151.888
 46.8883	 151.889
 46.8886	 151.889
 46.8892	 151.89
 46.8896	 151.89
 46.8898	 151.996
 46.89	 151.997
 46.8902	 151.891
 46.8905	 151.997
 46.8907	 151.891
 46.8909	 151.999
 46.891	 151.891
 46.8911	 151.891
 46.8915	 151.892
 46.8918	 151.892
 46.8921	 151.893
 46.8925	 151.893
 46.8928	 151.893
 46.8932	 151.894
 46.8938	 151.895
 46.8942	 151.895
 46.8946	 151.896
 46.8947	 151.896
 46.8958	 151.897
 46.8961	 151.898
 46.8963	 151.897
 46.8964	 151.898
 46.8964	 151.898
 46.8967	 151.898
 46.8972	 151.898
 46.8976	 151.898
 46.8982	 151.899
 46.899	 151.9
 46.8998	 151.901
 46.9003	 151.901
 46.9012	 151.902
 46.9017	 151.903
 46.9023	 151.903
 46.9029	 151.903
 46.9032	 151.903
 46.9039	 151.903
 46.9049	 151.904
 46.9059	 151.904
 46.9066	 151.904
 46.9067	 151.904
 46.9073	 151.904
 46.908	 151.905
 46.9081	 151.905
 46.9083	 151.905
 46.9084	 151.905
 46.9087	 151.905
 46.9092	 151.905
 46.9097	 151.906
 46.9098	 151.907
 46.9108	 151.908
 46.9109	 151.908
 46.9113	 151.908
 46.9114	 151.909
 46.9117	 151.909
 46.9128	 151.91
 46.9135	 151.911
 46.9141	 151.912
 46.9152	 151.913
 46.9163	 151.914
 46.9172	 151.914
 46.9178	 151.914
 46.9184	 151.915
 46.919	 151.914
 46.9192	 151.914
 46.9193	 151.914
 46.9194	 151.913
 46.9196	 151.912
 46.9198	 151.912
 46.9199	 151.912
 46.9201	 151.911
 46.9202	 151.911
 46.9203	 151.912
 46.9205	 151.911
 46.9206	 151.911
 46.9207	 151.911
 46.9211	 151.911
 46.9212	 151.911
 46.9214	 151.911
 46.9216	 151.911
 46.922	 151.911
 46.9221	 151.911
 46.9223	 151.911
 46.9224	 151.911
 46.9225	 151.911
 46.9227	 151.911
 46.9228	 151.911
 46.9228	 151.911
 46.9229	 151.911
 46.923	 151.911
 46.9231	 151.911
 46.9235	 151.911
 46.9239	 151.911
 46.924	 151.911
 46.9246	 151.911
 46.9246	 151.911
 46.9247	 151.911
 46.9248	 151.912
 46.925	 151.911
 46.925	 151.912
 46.9253	 151.912
 46.9253	 151.912
 46.9253	 151.912
 46.9254	 151.912
 46.9255	 151.912
 46.9257	 151.912
 46.9257	 151.914
 46.9258	 151.912
 46.9258	 151.913
 46.9258	 151.913
 46.9258	 151.913
 46.9266	 151.915
 46.9267	 151.915
 46.9269	 151.914
 46.927	 151.914
 46.9275	 151.914
 46.9275	 151.915
 46.9275	 151.915
 46.9276	 151.914
 46.9277	 151.915
 46.9277	 151.915
 46.9279	 151.915
 46.928	 151.915
 46.9281	 151.915
 46.9281	 151.916
 46.9281	 151.916
 46.9283	 151.916
 46.9284	 151.916
 46.9285	 151.916
 46.9286	 151.916
 46.9287	 151.916
 46.9292	 151.916
 46.9296	 151.916
 46.9298	 151.916
 46.93	 151.916
 46.9301	 151.915
 46.9301	 151.915
 46.9301	 151.915
 46.9302	 151.915
 46.9306	 151.915
 46.9308	 151.915
 46.9309	 151.915
 46.931	 151.915
 46.9311	 151.915
 46.9311	 151.915
 46.9312	 151.915
 46.9313	 151.915
 46.9314	 151.915
 46.9315	 151.915
 46.9316	 151.915
 46.9317	 151.915
 46.9318	 151.915
 46.9319	 151.915
 46.9319	 151.916
 46.9319	 151.916
 46.9319	 151.915
 46.932	 151.916
 46.9321	 151.916
 46.9322	 151.916
 46.9323	 151.917
 46.9324	 151.917
 46.9324	 151.917
 46.9324	 151.918
 46.9325	 151.917
 46.9325	 151.917
 46.9325	 151.917
 46.9325	 151.918
 46.9325	 151.917
 46.9325	 151.917
 46.9327	 151.918
 46.9329	 151.918
 46.933	 151.918
 46.9331	 151.918
 46.9332	 151.918
 46.9334	 151.918
 46.9335	 151.918
 46.9336	 151.918
 46.9337	 151.918
 46.9338	 151.918
 46.934	 151.918
 46.9341	 151.918
 46.9342	 151.918
 46.9343	 151.918
 46.9343	 151.918
 46.9344	 151.92
 46.9344	 151.921
 46.9344	 151.918
 46.9344	 151.92
 46.9344	 151.921
 46.9345	 151.919
 46.9345	 151.921
 46.9347	 151.919
 46.9347	 151.92
 46.9347	 151.919
 46.9348	 151.919
 46.9349	 151.92
 46.9349	 151.919
 46.9349	 151.92
 46.9349	 151.92
 46.935	 151.922
 46.9353	 151.922
 46.9354	 151.922
 46.9355	 151.922
 46.9355	 151.922
 46.9356	 151.922
 46.9358	 151.922
 46.9358	 151.922
 46.9358	 151.922
 46.936	 151.922
 46.9361	 151.922
 46.9361	 151.922
 46.9363	 151.922
 46.9364	 151.922
 46.9364	 151.922
 46.9364	 151.922
 46.9365	 151.922
 46.9366	 151.922
 46.9366	 151.922
 46.9366	 151.922
 46.9367	 151.922
 46.9367	 151.922
 46.9367	 151.922
 46.937	 151.922
 46.937	 151.922
 46.937	 151.922
 46.9371	 151.922
 46.9373	 151.923
 46.9374	 151.923
 46.9377	 151.923
 46.9378	 151.923
 46.938	 151.923
 46.9381	 151.923
 46.9381	 151.923
 46.9382	 151.923
 46.9382	 151.923
 46.9382	 151.922
 46.9383	 151.923
 46.9383	 151.923
 46.9383	 151.922
 46.9384	 151.922
 46.9384	 151.922
 46.9385	 151.924
 46.9385	 151.922
 46.9385	 151.922
 46.9385	 151.923
 46.9386	 151.923
 46.9387	 151.924
 46.9387	 151.923
 46.9388	 151.924
 46.9388	 151.924
 46.939	 151.924
 46.9393	 151.924
 46.9393	 151.924
 46.9393	 151.924
 46.9393	 151.924
 46.9394	 151.924
 46.9394	 151.924
 46.9395	 151.923
 46.9395	 151.924
 46.9395	 151.923
 46.9395	 151.923
 46.9397	 151.924
 46.9398	 151.924
 46.9399	 151.924
 46.94	 151.924
 46.9401	 151.924
 46.9402	 151.924
 46.9405	 151.924
 46.9405	 151.924
 46.9406	 151.924
 46.941	 151.924
 46.9412	 151.924
 46.9412	 151.924
 46.9413	 151.924
 46.9413	 151.925
 46.9413	 151.925
 46.9415	 151.925
 46.9417	 151.925
 46.9417	 151.926
 46.9418	 151.926
 46.9418	 151.926
 46.9419	 151.926
 46.9419	 151.925
 46.9419	 151.925
 46.9419	 151.926
 46.9419	 151.925
 46.9423	 151.926
 46.9425	 151.927
 46.9426	 151.926
 46.9426	 151.927
 46.9427	 151.927
 46.9427	 151.926
 46.9428	 151.927
 46.9428	 151.927
 46.9428	 151.927
 46.9428	 151.926
 46.9429	 151.927
 46.9429	 151.926
 46.9429	 151.926
 46.943	 151.927
 46.943	 151.926
 46.943	 151.927
 46.943	 151.927
 46.943	 151.927
 46.9431	 151.927
 46.9431	 151.926
 46.9431	 151.927
 46.9431	 151.926
 46.9432	 151.928
 46.9437	 151.928
 46.9437	 151.928
 46.9438	 151.929
 46.9438	 151.929
 46.9438	 151.929
 46.9439	 151.93
 46.9439	 151.929
 46.9439	 151.929
 46.944	 151.93
 46.944	 151.93
 46.944	 151.93
 46.944	 151.929
 46.9443	 151.931
 46.9446	 151.931
 46.9447	 151.931
 46.9449	 151.931
 46.945	 151.931
 46.9451	 151.93
 46.9451	 151.931
 46.9452	 151.93
 46.9452	 151.936
 46.9453	 151.934
 46.9453	 151.936
 46.9453	 151.936
 46.9453	 151.934
 46.9454	 151.931
 46.9454	 151.937
 46.9454	 151.937
 46.9454	 151.934
 46.9455	 151.93
 46.9455	 151.934
 46.9455	 151.933
 46.9455	 151.934
 46.9455	 151.934
 46.9455	 151.937
 46.9456	 151.931
 46.9456	 151.937
 46.9456	 151.933
 46.9456	 151.933
 46.9456	 151.938
 46.9456	 151.933
 46.9456	 151.935
 46.9456	 151.937
 46.9456	 151.932
 46.9457	 151.932
 46.9457	 151.934
 46.9457	 151.93
 46.9457	 151.934
 46.9457	 151.934
 46.9457	 151.932
 46.9457	 151.932
 46.9457	 151.931
 46.9458	 151.932
 46.9458	 151.93
 46.9458	 151.934
 46.9458	 151.938
 46.9458	 151.93
 46.9458	 151.932
 46.9458	 151.93
 46.9458	 151.93
 46.9458	 151.931
 46.9458	 151.932
 46.9459	 151.933
 46.9459	 151.938
 46.9459	 151.935
 46.946	 151.934
 46.946	 151.932
 46.946	 151.933
 46.946	 151.935
 46.946	 151.934
 46.9461	 151.934
 46.9461	 151.935
 46.9461	 151.935
 46.9462	 151.934
 46.9462	 151.938
 46.9463	 151.934
 46.9463	 151.934
 46.9463	 151.934
 46.9464	 151.937
 46.9465	 151.937
 46.9466	 151.937
 46.9468	 151.937
 46.9468	 151.937
 46.9469	 151.94
 46.9469	 151.939
 46.9469	 151.939
 46.947	 151.937
 46.947	 151.94
 46.947	 151.939
 46.947	 151.94
 46.9471	 151.942
 46.9471	 151.941
 46.9472	 151.941
 46.9472	 151.938
 46.9472	 151.938
 46.9472	 151.939
 46.9472	 151.941
 46.9472	 151.938
 46.9472	 151.937
 46.9472	 151.941
 46.9472	 151.939
 46.9473	 151.938
 46.9473	 151.941
 46.9473	 151.941
 46.9473	 151.938
 46.9473	 151.941
 46.9473	 151.942
 46.9473	 151.937
 46.9474	 151.937
 46.9474	 151.942
 46.9474	 151.943
 46.9474	 151.941
 46.9474	 151.943
 46.9475	 151.944
 46.9475	 151.941
 46.9476	 151.944
 46.9478	 151.942
 46.9479	 151.942
 46.9479	 151.941
 46.948	 151.942
 46.948	 151.945
 46.948	 151.945
 46.948	 151.941
 46.9481	 151.942
 46.9481	 151.941
 46.9482	 151.941
 46.9482	 151.941
 46.9483	 151.945
 46.9483	 151.941
 46.9486	 151.946
 46.9487	 151.946
 46.9487	 151.945
 46.9487	 151.947
 46.9487	 151.945
 46.9487	 151.946
 46.9487	 151.947
 46.9488	 151.946
 46.9488	 151.945
 46.9488	 151.946
 46.9489	 151.945
 46.949	 151.945
 46.949	 151.946
 46.949	 151.948
 46.9491	 151.948
 46.9491	 151.945
 46.9491	 151.945
 46.9491	 151.948
 46.9492	 151.945
 46.9492	 151.947
 46.9492	 151.947
 46.9492	 151.947
 46.9492	 151.949
 46.9492	 151.949
 46.9493	 151.949
 46.9493	 151.949
 46.9494	 151.945
 46.9494	 151.945
 46.9494	 151.949
 46.9494	 151.945
 46.9495	 151.945
 46.9496	 151.95
 46.9497	 151.95
 46.9497	 151.95
 46.9497	 151.949
 46.9497	 151.95
 46.9498	 151.95
 46.9498	 151.95
 46.9498	 151.95
 46.9498	 151.949
 46.9498	 151.95
 46.9499	 151.95
 46.9499	 151.95
 46.9501	 151.952
 46.9501	 151.952
 46.9501	 151.952
 46.9501	 151.952
 46.9501	 151.949
 46.9502	 151.953
 46.9502	 151.949
 46.9502	 151.949
 46.9504	 151.949
 46.9505	 151.949
 46.9506	 151.949
 46.9506	 151.949
 46.9506	 151.949
 46.9507	 151.95
 46.9508	 151.953
 46.9509	 151.95
 46.9509	 151.951
 46.951	 151.953
 46.951	 151.951
 46.951	 151.95
 46.9511	 151.953
 46.9511	 151.951
 46.9512	 151.951
 46.9513	 151.951
 46.9513	 151.95
 46.9513	 151.95
 46.9513	 151.951
 46.9514	 151.953
 46.9514	 151.951
 46.9514	 151.95
 46.9516	 151.952
 46.9517	 151.953
 46.9518	 151.955
 46.9519	 151.955
 46.952	 151.954
 46.952	 151.955
 46.952	 151.954
 46.9521	 151.955
 46.9522	 151.954
 46.9522	 151.955
 46.9522	 151.955
 46.9522	 151.954
 46.9523	 151.954
 46.9524	 151.954
 46.9525	 151.954
 46.9525	 151.954
 46.9525	 151.954
 46.9526	 151.957
 46.9527	 151.957
 46.953	 151.957
 46.9531	 151.957
 46.9533	 151.957
 46.9534	 151.957
 46.9535	 151.957
 46.9536	 151.958
 46.9536	 151.958
 46.9537	 151.958
 46.9538	 151.958
 46.9538	 151.959
 46.9538	 151.958
 46.9539	 151.958
 46.9539	 151.958
 46.9539	 151.958
 46.954	 151.958
 46.954	 151.958
 46.9541	 151.959
 46.9542	 151.959
 46.9543	 151.966
 46.9543	 151.966
 46.9543	 151.96
 46.9544	 151.965
 46.9544	 151.967
 46.9544	 151.967
 46.9544	 151.968
 46.9544	 151.968
 46.9544	 151.96
 46.9544	 151.965
 46.9544	 151.969
 46.9544	 151.966
 46.9544	 151.967
 46.9544	 151.968
 46.9544	 151.968
 46.9544	 151.968
 46.9545	 151.967
 46.9545	 151.968
 46.9545	 151.965
 46.9545	 151.966
 46.9545	 151.965
 46.9545	 151.968
 46.9545	 151.968
 46.9545	 151.966
 46.9546	 151.966
 46.9546	 151.967
 46.9546	 151.968
 46.9546	 151.967
 46.9546	 151.964
 46.9546	 151.968
 46.9547	 151.964
 46.9547	 151.961
 46.9547	 151.96
 46.9547	 151.96
 46.9548	 151.97
 46.9548	 151.96
 46.9548	 151.96
 46.9551	 151.963
 46.9551	 151.963
 46.9552	 151.963
 46.9552	 151.963
 46.9553	 151.962
 46.9553	 151.96
 46.9553	 151.962
 46.9553	 151.962
 46.9554	 151.961
 46.9554	 151.961
 46.9554	 151.962
 46.9554	 151.961
 46.9555	 151.961
 46.9555	 151.961
 46.9557	 151.972
 46.9565	 151.973
 46.9574	 151.975
 46.9583	 151.975
 46.959	 151.976
 46.9591	 151.976
 46.9603	 151.977
 46.9603	 151.977
 46.9605	 151.977
 46.9606	 151.977
 46.9606	 151.977
 46.9613	 151.978
 46.9613	 151.978
 46.9613	 151.979
 46.9616	 151.979
 46.9619	 151.981
 46.9619	 151.981
 46.962	 151.982
 46.962	 151.979
 46.9621	 151.98
 46.9621	 151.98
 46.9621	 151.979
 46.9621	 151.98
 46.9621	 151.98
 46.9621	 151.979
 46.9621	 151.979
 46.9621	 151.982
 46.9622	 151.982
 46.9623	 151.982
 46.9624	 151.982
 46.9626	 151.982
 46.963	 151.984
 46.9631	 151.984
 46.9631	 151.984
 46.9632	 151.984
 46.9632	 151.983
 46.9632	 151.984
 46.9633	 151.983
 46.9633	 151.984
 46.9634	 151.983
 46.9634	 151.984
 46.9638	 151.985
 46.9648	 151.986
 46.9654	 151.987
 46.9661	 151.987
 46.9662	 151.987
 46.9666	 151.987
 46.9671	 151.988
 46.9675	 151.988
 46.9684	 151.988
 46.9685	 151.987
 46.9685	 151.988
 46.9686	 151.988
 46.9689	 151.988
 46.9689	 151.988
 46.969	 151.987
 46.969	 151.988
 46.969	 151.988
 46.9691	 151.987
 46.9691	 151.988
 46.9691	 151.988
 46.9691	 151.988
 46.9692	 151.988
 46.9692	 151.988
 46.9693	 151.988
 46.9693	 151.987
 46.9693	 151.988
 46.9694	 151.987
 46.9694	 151.987
 46.9694	 151.988
 46.9694	 151.988
 46.9694	 151.987
 46.9694	 151.987
 46.9694	 151.988
 46.9695	 151.988
 46.9695	 151.988
 46.9696	 151.988
 46.9696	 151.988
 46.9697	 151.989
 46.9697	 151.989
 46.9697	 151.989
 46.9699	 151.988
 46.9699	 151.99
 46.9699	 151.99
 46.9699	 151.989
 46.9699	 151.988
 46.97	 151.989
 46.97	 151.989
 46.97	 151.988
 46.97	 151.99
 46.97	 151.989
 46.97	 151.988
 46.97	 151.989
 46.97	 151.988
 46.97	 151.988
 46.9701	 151.991
 46.9702	 151.99
 46.9702	 151.99
 46.9702	 151.99
 46.9705	 151.992
 46.9707	 151.992
 46.9707	 151.992
 46.9708	 151.993
 46.9708	 151.993
 46.9711	 151.993
 46.9712	 151.993
 46.9712	 151.993
 46.9717	 151.994
 46.9719	 151.995
 46.9719	 151.995
 46.972	 151.995
 46.9725	 151.995
 46.9726	 151.995
 46.9727	 151.995
 46.9727	 151.995
 46.9732	 151.995
 46.9736	 151.995
 46.9736	 151.995
 46.9737	 151.994
 46.9738	 151.994
 46.9738	 151.994
 46.9739	 151.994
 46.974	 151.994
 46.9742	 151.994
 46.9744	 151.994
 46.9745	 151.994
 46.9747	 151.994
 46.9748	 151.994
 46.975	 151.995
 46.975	 151.995
 46.975	 151.996
 46.975	 151.994
 46.975	 151.996
 46.9751	 151.994
 46.9752	 151.997
 46.9753	 151.995
 46.9753	 151.997
 46.9753	 151.999
 46.9753	 151.999
 46.9753	 151.997
 46.9753	 151.999
 46.9754	 151.996
 46.9755	 151.996
 46.9755	 152
 46.9756	 151.996
 46.9756	 152
 46.9756	 151.996
 46.0003	 150.2
 46.0003	 150.201
 46.0006	 150.2
 46.0006	 150.203
 46.001	 150.203
 46.0014	 150.203
 46.0022	 150.206
 46.0048	 150.207
 46.005	 150.208
 46.0059	 150.208
 46.0062	 150.209
 46.0072	 150.21
 46.0075	 150.211
 46.0085	 150.211
 46.0088	 150.212
 46.0101	 150.212
 46.0101	 150.213
 46.0114	 150.213
 46.013	 150.215
 46.013	 150.216
 46.015	 150.217
 46.0151	 150.218
 46.0156	 150.218
 46.0171	 150.22
 46.0185	 150.221
 46.0189	 150.224
 46.0201	 150.224
 46.0202	 150.225
 46.0215	 150.226
 46.0228	 150.228
 46.0233	 150.228
 46.0285	 150.236
 46.0287	 150.238
 46.0294	 150.238
 46.0295	 150.238
 46.03	 150.238
 46.0312	 150.24
 46.0316	 150.241
 46.0321	 150.241
 46.0346	 150.247
 46.0348	 150.246
 46.0353	 150.246
 46.0356	 150.25
 46.0359	 150.25
 46.0362	 150.25
 46.0364	 150.25
 46.0365	 150.253
 46.037	 150.253
 46.0381	 150.256
 46.0386	 150.256
 46.0389	 150.258
 46.0394	 150.258
 46.0396	 150.259
 46.0402	 150.259
 46.0404	 150.26
 46.0416	 150.261
 46.0416	 150.262
 46.0421	 150.262
 46.0422	 150.263
 46.0462	 150.266
 46.0463	 150.267
 46.0474	 150.268
 46.0474	 150.268
 46.0479	 150.268
 46.049	 150.27
 46.0497	 150.27
 46.0497	 150.271
 46.05	 150.272
 46.0503	 150.271
 46.0505	 150.272
 46.0506	 150.273
 46.0508	 150.274
 46.0511	 150.273
 46.0511	 150.274
 46.0512	 150.273
 46.0521	 150.275
 46.0524	 150.274
 46.0527	 150.275
 46.0528	 150.276
 46.0543	 150.277
 46.0551	 150.279
 46.0573	 150.281
 46.0574	 150.3
 46.0574	 150.3
 46.0575	 150.282
 46.0576	 150.299
 46.0581	 150.299
 46.0581	 150.3
 46.0586	 150.3
 46.0587	 150.301
 46.0588	 150.283
 46.0589	 150.299
 46.0589	 150.299
 46.0589	 150.301
 46.0589	 150.301
 46.0594	 150.3
 46.0594	 150.301
 46.0597	 150.001
 46.0597	 150.301
 46.0597	 150.302
 46.0599	 150.301
 46.06	 150.285
 46.06	 150.301
 46.0603	 150.301
 46.0604	 150.288
 46.0607	 150.288
 46.0607	 150.289
 46.061	 150.302
 46.0612	 150.288
 46.0612	 150.288
 46.0615	 150.289
 46.0616	 150.304
 46.0617	 150.303
 46.0618	 150.008
 46.062	 150.295
 46.0621	 150.304
 46.0624	 150.01
 46.0625	 150.302
 46.0646	 150.013
 46.0651	 150.013
 46.0654	 150.015
 46.0656	 150.302
 46.0683	 150.017
 46.0685	 150.303
 46.0699	 150.019
 46.071	 150.022
 46.0716	 150.305
 46.0724	 150.307
 46.0729	 150.306
 46.0729	 150.307
 46.0742	 150.308
 46.0744	 150.309
 46.0747	 150.026
 46.0758	 150.309
 46.0763	 150.311
 46.0771	 150.311
 46.0771	 150.311
 46.0789	 150.036
 46.0791	 150.313
 46.0792	 150.312
 46.0796	 150.314
 46.0797	 150.314
 46.0811	 150.04
 46.0811	 150.317
 46.0816	 150.317
 46.0817	 150.042
 46.0818	 150.042
 46.083	 150.32
 46.0836	 150.043
 46.0836	 150.044
 46.0837	 150.32
 46.0838	 150.321
 46.0848	 150.321
 46.0861	 150.322
 46.0872	 150.324
 46.0873	 150.048
 46.0881	 150.048
 46.0887	 150.134
 46.0887	 150.135
 46.0887	 150.135
 46.0888	 150.101
 46.0892	 150.134
 46.0892	 150.135
 46.0892	 150.114
 46.0893	 150.135
 46.0893	 150.106
 46.0894	 150.13
 46.0894	 150.105
 46.0895	 150.324
 46.0897	 150.052
 46.0899	 150.13
 46.09	 150.087
 46.09	 150.114
 46.09	 150.054
 46.0901	 150.106
 46.0902	 150.125
 46.0902	 150.095
 46.0902	 150.052
 46.0903	 150.055
 46.0903	 150.105
 46.0905	 150.114
 46.0907	 150.325
 46.0907	 150.326
 46.0908	 150.054
 46.0908	 150.055
 46.0909	 150.057
 46.0909	 150.143
 46.091	 150.083
 46.0914	 150.057
 46.0914	 150.058
 46.0915	 150.082
 46.0915	 150.083
 46.0915	 150.114
 46.0915	 150.144
 46.0916	 150.106
 46.0918	 150.077
 46.0918	 150.114
 46.0918	 150.146
 46.0918	 150.105
 46.0919	 150.33
 46.0921	 150.144
 46.0922	 150.059
 46.0923	 150.081
 46.0923	 150.073
 46.0927	 150.329
 46.0927	 150.33
 46.0928	 150.071
 46.0928	 150.062
 46.0928	 150.072
 46.0929	 150.105
 46.0929	 150.061
 46.0931	 150.113
 46.0931	 150.114
 46.0932	 150.33
 46.0933	 150.071
 46.0933	 150.062
 46.0936	 150.113
 46.0936	 150.146
 46.0937	 150.333
 46.0939	 150.107
 46.0939	 150.107
 46.094	 150.068
 46.0941	 150.11
 46.0941	 150.105
 46.0944	 150.11
 46.0944	 150.107
 46.0945	 150.108
 46.0945	 150.165
 46.0946	 150.334
 46.0946	 150.166
 46.0947	 150.148
 46.0948	 150.069
 46.0948	 150.163
 46.0952	 150.107
 46.0952	 150.108
 46.0953	 150.162
 46.0954	 150.166
 46.0955	 150.16
 46.0956	 150.335
 46.0957	 150.168
 46.0958	 150.108
 46.0958	 150.335
 46.0958	 150.109
 46.0959	 150.165
 46.0961	 150.162
 46.0961	 150.162
 46.0969	 150.148
 46.097	 150.169
 46.097	 150.17
 46.0971	 150.16
 46.0971	 150.152
 46.0973	 150.147
 46.0975	 150.337
 46.0978	 150.157
 46.0978	 150.17
 46.0978	 150.171
 46.0984	 150.171
 46.0984	 150.171
 46.0986	 150.17
 46.0986	 150.171
 46.0987	 150.339
 46.0987	 150.341
 46.099	 150.155
 46.099	 150.156
 46.0997	 150.154
 46.1	 150.153
 46.1	 150.154
 46.1002	 150.153
 46.1005	 150.154
 46.1006	 150.346
 46.1016	 150.348
 46.1017	 150.347
 46.1017	 150.177
 46.1019	 150.35
 46.1021	 150.348
 46.1022	 150.169
 46.1023	 150.35
 46.1023	 150.169
 46.1023	 150.175
 46.1024	 150.179
 46.1024	 150.179
 46.1029	 150.167
 46.1029	 150.179
 46.1029	 150.168
 46.1029	 150.179
 46.1031	 150.351
 46.1033	 150.17
 46.1035	 150.183
 46.1036	 150.174
 46.1036	 150.167
 46.104	 150.171
 46.1045	 150.174
 46.1048	 150.172
 46.1048	 150.183
 46.1048	 150.173
 46.1051	 150.184
 46.1053	 150.352
 46.1064	 150.185
 46.1073	 150.356
 46.1085	 150.187
 46.1087	 150.357
 46.1091	 150.189
 46.1096	 150.359
 46.1099	 150.36
 46.1103	 150.36
 46.1103	 150.361
 46.1106	 150.188
 46.1106	 150.189
 46.1116	 150.36
 46.1116	 150.189
 46.1116	 150.361
 46.1123	 150.361
 46.1128	 150.186
 46.1131	 150.366
 46.1137	 150.367
 46.1138	 150.366
 46.1141	 150.186
 46.1162	 150.371
 46.1164	 150.369
 46.1175	 150.371
 46.119	 150.373
 46.1191	 150.375
 46.1214	 150.375
 46.1221	 150.186
 46.1233	 150.379
 46.1236	 150.187
 46.1242	 150.187
 46.1242	 150.188
 46.1249	 150.187
 46.1266	 150.384
 46.1267	 150.382
 46.1269	 150.379
 46.1272	 150.382
 46.1281	 150.386
 46.1283	 150.189
 46.1285	 150.394
 46.1286	 150.391
 46.1296	 150.385
 46.1298	 150.189
 46.1299	 150.387
 46.13	 150.39
 46.1306	 150.188
 46.1307	 150.386
 46.1307	 150.387
 46.1321	 150.394
 46.1323	 150.395
 46.1328	 150.396
 46.1329	 150.395
 46.134	 150.401
 46.1344	 150.187
 46.1362	 150.41
 46.1362	 150.188
 46.1364	 150.411
 46.1364	 150.408
 46.1369	 150.411
 46.137	 150.413
 46.1374	 150.419
 46.1377	 150.413
 46.1378	 150.419
 46.1396	 150.419
 46.1404	 150.189
 46.142	 150.42
 46.1431	 150.424
 46.1432	 150.423
 46.1436	 150.425
 46.146	 150.429
 46.1465	 150.429
 46.1465	 150.429
 46.1475	 150.186
 46.1489	 150.43
 46.1499	 150.433
 46.1503	 150.183
 46.1507	 150.433
 46.1509	 150.433
 46.1514	 150.181
 46.1515	 150.434
 46.1527	 150.18
 46.1533	 150.438
 46.1545	 150.178
 46.1557	 150.176
 46.1558	 150.174
 46.1566	 150.444
 46.157	 150.444
 46.1571	 150.444
 46.1571	 150.445
 46.1578	 150.173
 46.1579	 150.177
 46.1589	 150.181
 46.1595	 150.448
 46.1598	 150.175
 46.1603	 150.174
 46.1608	 150.183
 46.1618	 150.457
 46.1628	 150.186
 46.1641	 150.187
 46.1661	 150.457
 46.1662	 150.191
 46.1663	 150.187
 46.1669	 150.188
 46.1676	 150.458
 46.1682	 150.462
 46.1701	 150.463
 46.1706	 150.464
 46.171	 150.199
 46.1717	 150.463
 46.1717	 150.464
 46.1751	 150.47
 46.1753	 150.472
 46.1755	 150.468
 46.1756	 150.469
 46.1761	 150.207
 46.1766	 150.473
 46.1772	 150.475
 46.1793	 150.479
 46.1807	 150.212
 46.1807	 150.48
 46.1812	 150.212
 46.1816	 150.485
 46.1825	 150.214
 46.1836	 150.214
 46.1838	 150.215
 46.1846	 150.216
 46.1846	 150.216
 46.1851	 150.487
 46.1854	 150.489
 46.1866	 150.49
 46.1873	 150.493
 46.1873	 150.5
 46.1888	 150.218
 46.1889	 150.5
 46.1892	 150.24
 46.1892	 150.242
 46.1894	 150.228
 46.1895	 150.236
 46.1896	 150.229
 46.1897	 150.501
 46.1899	 150.227
 46.1899	 150.234
 46.1905	 150.246
 46.1915	 150.501
 46.1926	 150.247
 46.1936	 150.503
 46.1947	 150.276
 46.1947	 150.254
 46.1949	 150.268
 46.1949	 150.255
 46.1952	 150.507
 46.1953	 150.256
 46.1954	 150.278
 46.1954	 150.269
 46.1956	 150.253
 46.1957	 150.505
 46.1958	 150.509
 46.1958	 150.279
 46.1959	 150.278
 46.1961	 150.508
 46.1961	 150.251
 46.1962	 150.258
 46.1962	 150.258
 46.1963	 150.509
 46.1965	 150.514
 46.1968	 150.262
 46.1969	 150.261
 46.1973	 150.285
 46.1975	 150.262
 46.1977	 150.516
 46.1979	 150.265
 46.1979	 150.266
 46.198	 150.265
 46.1987	 150.266
 46.1987	 150.521
 46.199	 150.291
 46.1995	 150.523
 46.1995	 150.524
 46.1998	 150.292
 46.2	 150.291
 46.2003	 150.292
 46.2004	 150.459
 46.2006	 150.453
 46.2009	 150.527
 46.2011	 150.46
 46.2011	 150.293
 46.2014	 150.293
 46.2016	 150.461
 46.2016	 150.449
 46.2019	 150.293
 46.2019	 150.294
 46.2024	 150.448
 46.2024	 150.294
 46.2024	 150.295
 46.2027	 150.461
 46.2029	 150.447
 46.2035	 150.295
 46.2035	 150.295
 46.2035	 150.296
 46.2035	 150.296
 46.2035	 150.296
 46.2039	 150.53
 46.204	 150.463
 46.2043	 150.298
 46.2048	 150.464
 46.2049	 150.446
 46.2054	 150.446
 46.2054	 150.53
 46.2054	 150.301
 46.2056	 150.465
 46.2056	 150.299
 46.2059	 150.3
 46.2059	 150.301
 46.2063	 150.482
 46.2066	 150.539
 46.2066	 150.466
 46.2067	 150.302
 46.2067	 150.483
 46.2068	 150.303
 46.2068	 150.54
 46.2069	 150.532
 46.207	 150.535
 46.207	 150.474
 46.2072	 150.54
 46.2074	 150.472
 46.2074	 150.444
 46.2076	 150.486
 46.2077	 150.302
 46.2078	 150.485
 46.2081	 150.486
 46.2081	 150.489
 46.2085	 150.483
 46.2088	 150.303
 46.2088	 150.485
 46.209	 150.542
 46.2092	 150.49
 46.2093	 150.545
 46.2096	 150.515
 46.2097	 150.304
 46.2098	 150.492
 46.2099	 150.545
 46.2099	 150.305
 46.21	 150.512
 46.21	 150.512
 46.2104	 150.509
 46.2104	 150.305
 46.2105	 150.493
 46.2108	 150.445
 46.2108	 150.305
 46.2111	 150.494
 46.2114	 150.545
 46.2119	 150.5
 46.2119	 150.444
 46.2121	 150.443
 46.2123	 150.504
 46.2124	 150.495
 46.2127	 150.547
 46.2128	 150.504
 46.2129	 150.442
 46.2129	 150.505
 46.2129	 150.507
 46.2129	 150.524
 46.2129	 150.508
 46.213	 150.498
 46.213	 150.499
 46.213	 150.497
 46.2132	 150.306
 46.2132	 150.306
 46.2135	 150.322
 46.2135	 150.44
 46.2139	 150.324
 46.2141	 150.311
 46.2142	 150.506
 46.2142	 150.325
 46.2142	 150.506
 46.2142	 150.437
 46.2142	 150.306
 46.2142	 150.312
 46.2143	 150.307
 46.2143	 150.325
 46.2144	 150.324
 46.2146	 150.311
 46.2146	 150.436
 46.2147	 150.325
 46.2147	 150.326
 46.2148	 150.306
 46.2148	 150.307
 46.2148	 150.547
 46.2151	 150.537
 46.2152	 150.436
 46.2152	 150.532
 46.2154	 150.311
 46.2155	 150.305
 46.2155	 150.307
 46.2157	 150.429
 46.2157	 150.549
 46.2157	 150.326
 46.2158	 150.54
 46.2159	 150.429
 46.216	 150.554
 46.2161	 150.553
 46.2161	 150.554
 46.2161	 150.426
 46.2162	 150.552
 46.2162	 150.554
 46.2162	 150.555
 46.2164	 150.555
 46.2166	 150.328
 46.2166	 150.555
 46.2168	 150.306
 46.2169	 150.555
 46.217	 150.424
 46.217	 150.543
 46.2171	 150.556
 46.2171	 150.556
 46.2171	 150.307
 46.2171	 150.556
 46.2171	 150.555
 46.2173	 150.556
 46.2174	 150.556
 46.2175	 150.556
 46.2175	 150.424
 46.2175	 150.556
 46.2177	 150.423
 46.2178	 150.556
 46.2179	 150.329
 46.2179	 150.33
 46.218	 150.556
 46.2181	 150.545
 46.2181	 150.307
 46.2181	 150.308
 46.2182	 150.557
 46.2183	 150.557
 46.2183	 150.557
 46.2186	 150.557
 46.2186	 150.307
 46.2186	 150.308
 46.2187	 150.557
 46.2192	 150.308
 46.2192	 150.331
 46.2192	 150.309
 46.2194	 150.547
 46.2195	 150.421
 46.2195	 150.422
 46.2196	 150.557
 46.2198	 150.548
 46.2199	 150.332
 46.22	 150.31
 46.22	 150.311
 46.2202	 150.309
 46.2202	 150.49
 46.2202	 150.49
 46.2202	 150.549
 46.2203	 150.557
 46.2205	 150.333
 46.2207	 150.558
 46.2207	 150.31
 46.2209	 150.55
 46.2211	 150.493
 46.2212	 150.489
 46.2212	 150.558
 46.2213	 150.31
 46.2213	 150.31
 46.2213	 150.311
 46.2213	 150.334
 46.2213	 150.551
 46.2215	 150.559
 46.2215	 150.491
 46.2216	 150.559
 46.2216	 150.494
 46.2218	 150.31
 46.2218	 150.31
 46.222	 150.559
 46.222	 150.551
 46.222	 150.31
 46.222	 150.311
 46.2221	 150.492
 46.2221	 150.56
 46.2222	 150.491
 46.2222	 150.561
 46.2224	 150.488
 46.2224	 150.414
 46.2224	 150.497
 46.2224	 150.497
 46.2224	 150.336
 46.2225	 150.552
 46.2225	 150.561
 46.2226	 150.492
 46.2226	 150.492
 46.2227	 150.552
 46.2227	 150.488
 46.2228	 150.492
 46.2228	 150.493
 46.2229	 150.552
 46.223	 150.408
 46.223	 150.489
 46.2231	 150.552
 46.2232	 150.562
 46.2232	 150.495
 46.2232	 150.562
 46.2232	 150.563
 46.2233	 150.562
 46.2233	 150.419
 46.2233	 150.495
 46.2233	 150.336
 46.2234	 150.564
 46.2234	 150.564
 46.2234	 150.414
 46.2234	 150.563
 46.2234	 150.564
 46.2235	 150.564
 46.2235	 150.563
 46.2235	 150.553
 46.2235	 150.408
 46.2236	 150.564
 46.2237	 150.377
 46.2237	 150.498
 46.2238	 150.489
 46.2238	 150.564
 46.2239	 150.493
 46.2239	 150.379
 46.224	 150.564
 46.224	 150.384
 46.224	 150.337
 46.2241	 150.497
 46.2241	 150.377
 46.2242	 150.369
 46.2242	 150.406
 46.2242	 150.344
 46.2243	 150.564
 46.2243	 150.391
 46.2244	 150.363
 46.2244	 150.368
 46.2245	 150.565
 46.2245	 150.553
 46.2245	 150.498
 46.2245	 150.384
 46.2245	 150.357
 46.2245	 150.495
 46.2246	 150.405
 46.2246	 150.342
 46.2247	 150.369
 46.2247	 150.565
 46.2247	 150.565
 46.2247	 150.406
 46.2248	 150.565
 46.2248	 150.554
 46.2249	 150.4
 46.2249	 150.566
 46.225	 150.355
 46.225	 150.566
 46.2251	 150.404
 46.2251	 150.566
 46.2251	 150.566
 46.2252	 150.566
 46.2252	 150.566
 46.2252	 150.554
 46.2253	 150.394
 46.2253	 150.396
 46.2254	 150.4
 46.2254	 150.567
 46.2254	 150.555
 46.2255	 150.34
 46.2256	 150.567
 46.2256	 150.568
 46.2257	 150.568
 46.2257	 150.567
 46.2257	 150.555
 46.2257	 150.567
 46.2257	 150.567
 46.2258	 150.556
 46.2258	 150.568
 46.2258	 150.395
 46.2258	 150.396
 46.2259	 150.34
 46.2259	 150.337
 46.226	 150.568
 46.226	 150.556
 46.2261	 150.34
 46.2261	 150.569
 46.2261	 150.557
 46.2262	 150.569
 46.2262	 150.568
 46.2262	 150.395
 46.2262	 150.364
 46.2262	 150.569
 46.2263	 150.568
 46.2263	 150.338
 46.2263	 150.569
 46.2263	 150.557
 46.2263	 150.558
 46.2264	 150.569
 46.2264	 150.395
 46.2264	 150.569
 46.2264	 150.57
 46.2264	 150.34
 46.2265	 150.57
 46.2265	 150.558
 46.2265	 150.559
 46.2265	 150.394
 46.2266	 150.559
 46.2266	 150.56
 46.2266	 150.559
 46.2266	 150.339
 46.2266	 150.365
 46.2266	 150.559
 46.2267	 150.57
 46.2268	 150.57
 46.2268	 150.56
 46.2268	 150.57
 46.2269	 150.561
 46.2269	 150.562
 46.2269	 150.365
 46.227	 150.561
 46.227	 150.561
 46.227	 150.563
 46.227	 150.562
 46.227	 150.57
 46.227	 150.561
 46.2271	 150.57
 46.2271	 150.363
 46.2271	 150.57
 46.2271	 150.364
 46.2272	 150.564
 46.2273	 150.394
 46.2273	 150.395
 46.2273	 150.564
 46.2273	 150.57
 46.2274	 150.577
 46.2274	 150.571
 46.2274	 150.365
 46.2274	 150.578
 46.2274	 150.578
 46.2274	 150.578
 46.2274	 150.578
 46.2275	 150.577
 46.2275	 150.576
 46.2275	 150.577
 46.2276	 150.571
 46.2276	 150.565
 46.2276	 150.576
 46.2276	 150.579
 46.2276	 150.363
 46.2276	 150.571
 46.2277	 150.576
 46.2277	 150.576
 46.2277	 150.579
 46.2277	 150.579
 46.2277	 150.565
 46.2277	 150.579
 46.2278	 150.571
 46.2279	 150.575
 46.2279	 150.575
 46.2279	 150.579
 46.2279	 150.575
 46.2279	 150.571
 46.2279	 150.566
 46.228	 150.579
 46.228	 150.579
 46.228	 150.571
 46.228	 150.566
 46.2281	 150.578
 46.2281	 150.571
 46.2281	 150.567
 46.2282	 150.575
 46.2282	 150.571
 46.2282	 150.566
 46.2282	 150.578
 46.2282	 150.575
 46.2283	 150.578
 46.2283	 150.571
 46.2283	 150.567
 46.2283	 150.575
 46.2283	 150.566
 46.2283	 150.567
 46.2283	 150.567
 46.2284	 150.575
 46.2284	 150.571
 46.2284	 150.567
 46.2284	 150.566
 46.2284	 150.575
 46.2285	 150.566
 46.2285	 150.567
 46.2285	 150.577
 46.2285	 150.568
 46.2286	 150.566
 46.2286	 150.577
 46.2286	 150.566
 46.2286	 150.575
 46.2287	 150.576
 46.2287	 150.571
 46.2287	 150.576
 46.2287	 150.577
 46.2287	 150.576
 46.2287	 150.577
 46.2287	 150.576
 46.2288	 150.571
 46.2289	 150.577
 46.229	 150.568
 46.229	 150.57
 46.2291	 150.568
 46.2291	 150.57
 46.2291	 150.57
 46.2292	 150.57
 46.2293	 150.569
 46.2295	 150.568
 46.2296	 150.569
 46.2296	 150.569
 46.2296	 150.569
 46.2297	 150.569
 46.2297	 150.568
 46.2297	 150.568
 46.2303	 150.584
 46.2303	 150.584
 46.2303	 150.584
 46.2303	 150.585
 46.2304	 150.584
 46.2304	 150.585
 46.2304	 150.585
 46.2305	 150.584
 46.2305	 150.585
 46.2306	 150.584
 46.2306	 150.585
 46.2307	 150.585
 46.2307	 150.585
 46.2307	 150.586
 46.2308	 150.584
 46.2308	 150.586
 46.2309	 150.586
 46.2309	 150.584
 46.231	 150.586
 46.231	 150.584
 46.2311	 150.586
 46.2312	 150.584
 46.2312	 150.586
 46.2313	 150.584
 46.2313	 150.586
 46.2314	 150.586
 46.2314	 150.584
 46.2315	 150.585
 46.2315	 150.585
 46.2315	 150.586
 46.2316	 150.585
 46.2316	 150.585
 46.2316	 150.585
 46.2324	 150.595
 46.2325	 150.595
 46.2325	 150.595
 46.2325	 150.595
 46.2325	 150.601
 46.2325	 150.601
 46.2325	 150.601
 46.2325	 150.595
 46.2325	 150.594
 46.2326	 150.601
 46.2326	 150.595
 46.2326	 150.598
 46.2326	 150.601
 46.2326	 150.6
 46.2326	 150.598
 46.2326	 150.601
 46.2326	 150.598
 46.2326	 150.601
 46.2326	 150.602
 46.2326	 150.599
 46.2326	 150.594
 46.2326	 150.602
 46.2326	 150.6
 46.2326	 150.594
 46.2327	 150.601
 46.2327	 150.598
 46.2327	 150.602
 46.2327	 150.594
 46.2327	 150.6
 46.2327	 150.595
 46.2327	 150.594
 46.2327	 150.599
 46.2328	 150.6
 46.2328	 150.594
 46.2328	 150.598
 46.2328	 150.598
 46.2328	 150.602
 46.2328	 150.598
 46.2328	 150.598
 46.2328	 150.6
 46.2328	 150.6
 46.2328	 150.599
 46.2328	 150.599
 46.2328	 150.595
 46.2328	 150.6
 46.2329	 150.6
 46.2329	 150.599
 46.2329	 150.6
 46.2329	 150.603
 46.2329	 150.603
 46.2329	 150.599
 46.2329	 150.6
 46.2329	 150.595
 46.2329	 150.598
 46.2329	 150.603
 46.2329	 150.602
 46.2329	 150.595
 46.2329	 150.595
 46.233	 150.594
 46.233	 150.595
 46.233	 150.603
 46.233	 150.602
 46.233	 150.603
 46.233	 150.603
 46.233	 150.603
 46.233	 150.594
 46.233	 150.602
 46.233	 150.598
 46.233	 150.603
 46.233	 150.603
 46.2331	 150.594
 46.2331	 150.603
 46.2331	 150.595
 46.2331	 150.603
 46.2331	 150.603
 46.2331	 150.596
 46.2331	 150.594
 46.2331	 150.603
 46.2331	 150.596
 46.2331	 150.596
 46.2331	 150.596
 46.2331	 150.604
 46.2332	 150.594
 46.2332	 150.596
 46.2332	 150.598
 46.2332	 150.596
 46.2332	 150.604
 46.2332	 150.604
 46.2332	 150.594
 46.2332	 150.596
 46.2332	 150.604
 46.2332	 150.596
 46.2333	 150.604
 46.2333	 150.598
 46.2333	 150.596
 46.2333	 150.596
 46.2333	 150.596
 46.2333	 150.597
 46.2333	 150.597
 46.2333	 150.598
 46.2333	 150.596
 46.2333	 150.597
 46.2333	 150.594
 46.2334	 150.605
 46.2334	 150.598
 46.2334	 150.597
 46.2334	 150.597
 46.2334	 150.597
 46.2334	 150.597
 46.2334	 150.605
 46.2335	 150.605
 46.2335	 150.605
 46.2335	 150.594
 46.2336	 150.605
 46.2336	 150.595
 46.2336	 150.595
 46.2336	 150.605
 46.2336	 150.595
 46.2336	 150.595
 46.2337	 150.594
 46.2337	 150.605
 46.2337	 150.595
 46.2337	 150.604
 46.2337	 150.595
 46.2338	 150.595
 46.2338	 150.595
 46.2338	 150.604
 46.2338	 150.595
 46.2338	 150.595
 46.2338	 150.595
 46.2338	 150.605
 46.2339	 150.605
 46.2339	 150.595
 46.2339	 150.605
 46.2339	 150.595
 46.2339	 150.605
 46.234	 150.595
 46.234	 150.605
 46.234	 150.606
 46.234	 150.606
 46.234	 150.597
 46.234	 150.595
 46.234	 150.606
 46.234	 150.605
 46.234	 150.596
 46.234	 150.597
 46.2341	 150.606
 46.2341	 150.605
 46.2341	 150.595
 46.2341	 150.596
 46.2341	 150.597
 46.2341	 150.596
 46.2341	 150.595
 46.2341	 150.595
 46.2341	 150.596
 46.2341	 150.606
 46.2341	 150.606
 46.2341	 150.605
 46.2342	 150.597
 46.2342	 150.596
 46.2342	 150.596
 46.2342	 150.596
 46.2343	 150.606
 46.2343	 150.606
 46.2343	 150.605
 46.2343	 150.606
 46.2343	 150.605
 46.2343	 150.597
 46.2343	 150.606
 46.2343	 150.606
 46.2343	 150.605
 46.2344	 150.605
 46.2344	 150.605
 46.2344	 150.606
 46.2344	 150.605
 46.2344	 150.597
 46.2344	 150.606
 46.2344	 150.606
 46.2345	 150.606
 46.2345	 150.606
 46.2345	 150.597
 46.2345	 150.607
 46.2345	 150.606
 46.2345	 150.607
 46.2345	 150.606
 46.2345	 150.606
 46.2346	 150.607
 46.2346	 150.597
 46.2346	 150.607
 46.2346	 150.607
 46.2346	 150.607
 46.2346	 150.606
 46.2347	 150.597
 46.2347	 150.606
 46.2347	 150.597
 46.2348	 150.597
 46.2348	 150.597
 46.2348	 150.607
 46.2348	 150.604
 46.2349	 150.598
 46.2349	 150.598
 46.2349	 150.605
 46.2349	 150.605
 46.2349	 150.605
 46.2349	 150.598
 46.2349	 150.604
 46.2349	 150.605
 46.2349	 150.597
 46.2349	 150.597
 46.2349	 150.598
 46.2349	 150.597
 46.2349	 150.597
 46.2349	 150.606
 46.2349	 150.598
 46.235	 150.605
 46.235	 150.606
 46.235	 150.598
 46.235	 150.597
 46.235	 150.606
 46.235	 150.598
 46.235	 150.597
 46.2351	 150.606
 46.2351	 150.606
 46.2351	 150.606
 46.2351	 150.606
 46.2351	 150.604
 46.2351	 150.605
 46.2351	 150.606
 46.2351	 150.606
 46.2351	 150.598
 46.2352	 150.605
 46.2352	 150.605
 46.2352	 150.597
 46.2352	 150.598
 46.2352	 150.603
 46.2352	 150.603
 46.2352	 150.603
 46.2352	 150.598
 46.2352	 150.597
 46.2352	 150.603
 46.2352	 150.598
 46.2353	 150.598
 46.2353	 150.6
 46.2353	 150.603
 46.2353	 150.6
 46.2353	 150.598
 46.2354	 150.598
 46.2354	 150.611
 46.2354	 150.603
 46.2354	 150.611
 46.2354	 150.611
 46.2354	 150.611
 46.2355	 150.611
 46.2355	 150.603
 46.2355	 150.6
 46.2355	 150.611
 46.2355	 150.6
 46.2355	 150.6
 46.2355	 150.598
 46.2355	 150.61
 46.2356	 150.6
 46.2356	 150.6
 46.2356	 150.61
 46.2356	 150.6
 46.2356	 150.599
 46.2356	 150.598
 46.2356	 150.61
 46.2356	 150.611
 46.2356	 150.611
 46.2356	 150.599
 46.2357	 150.598
 46.2357	 150.61
 46.2357	 150.611
 46.2357	 150.599
 46.2357	 150.61
 46.2357	 150.603
 46.2357	 150.6
 46.2357	 150.611
 46.2357	 150.61
 46.2357	 150.598
 46.2357	 150.609
 46.2357	 150.61
 46.2358	 150.599
 46.2358	 150.609
 46.2358	 150.603
 46.2358	 150.61
 46.2358	 150.603
 46.2358	 150.61
 46.2358	 150.609
 46.2358	 150.611
 46.2358	 150.601
 46.2358	 150.6
 46.2358	 150.602
 46.2358	 150.601
 46.2358	 150.611
 46.2358	 150.611
 46.2358	 150.611
 46.2359	 150.602
 46.2359	 150.601
 46.2359	 150.611
 46.2359	 150.611
 46.2359	 150.601
 46.2359	 150.601
 46.2359	 150.599
 46.2359	 150.598
 46.2359	 150.602
 46.2359	 150.601
 46.2359	 150.61
 46.236	 150.602
 46.236	 150.609
 46.236	 150.602
 46.236	 150.61
 46.236	 150.61
 46.236	 150.602
 46.236	 150.609
 46.236	 150.61
 46.236	 150.601
 46.2361	 150.61
 46.2361	 150.602
 46.2361	 150.601
 46.2361	 150.602
 46.2361	 150.598
 46.2361	 150.602
 46.2361	 150.611
 46.2361	 150.609
 46.2361	 150.611
 46.2361	 150.61
 46.2361	 150.61
 46.2361	 150.61
 46.2361	 150.598
 46.2361	 150.609
 46.2361	 150.599
 46.2362	 150.611
 46.2362	 150.61
 46.2362	 150.61
 46.2362	 150.609
 46.2362	 150.602
 46.2362	 150.601
 46.2362	 150.599
 46.2362	 150.609
 46.2362	 150.601
 46.2362	 150.609
 46.2362	 150.61
 46.2362	 150.611
 46.2362	 150.609
 46.2363	 150.609
 46.2363	 150.599
 46.2363	 150.609
 46.2363	 150.599
 46.2363	 150.61
 46.2363	 150.609
 46.2363	 150.609
 46.2363	 150.599
 46.2363	 150.599
 46.2363	 150.609
 46.2363	 150.609
 46.2363	 150.61
 46.2364	 150.61
 46.2364	 150.61
 46.2364	 150.61
 46.2364	 150.611
 46.2364	 150.61
 46.2364	 150.611
 46.2364	 150.611
 46.2364	 150.61
 46.2364	 150.61
 46.2364	 150.61
 46.4424	 150.83
 46.4427	 150.829
 46.4427	 150.831
 46.4429	 150.827
 46.443	 150.825
 46.443	 150.825
 46.4431	 150.829
 46.4431	 150.831
 46.4432	 150.828
 46.4434	 150.833
 46.4439	 150.823
 46.4444	 150.839
 46.4444	 150.822
 46.4448	 150.841
 46.4451	 150.844
 46.4455	 150.845
 46.4455	 150.82
 46.4462	 150.844
 46.4462	 150.82
 46.4465	 150.844
 46.4465	 150.819
 46.447	 150.801
 46.447	 150.801
 46.447	 150.844
 46.447	 150.818
 46.4477	 150.818
 46.4478	 150.842
 46.448	 150.8
 46.4485	 150.799
 46.4487	 150.805
 46.4488	 150.841
 46.449	 150.816
 46.4491	 150.798
 46.4491	 150.805
 46.4492	 150.84
 46.4495	 150.797
 46.4496	 150.805
 46.4496	 150.805
 46.4498	 150.797
 46.45	 150.84
 46.45	 150.805
 46.4501	 150.796
 46.4503	 150.805
 46.4505	 150.806
 46.4506	 150.795
 46.4507	 150.814
 46.4509	 150.795
 46.4509	 150.794
 46.451	 150.794
 46.4511	 150.795
 46.4511	 150.811
 46.4512	 150.807
 46.4512	 150.795
 46.4514	 150.809
 46.4514	 150.795
 46.4515	 150.795
 46.4515	 150.79
 46.4515	 150.839
 46.4518	 150.792
 46.4518	 150.839
 46.4523	 150.839
 46.4525	 150.838
 46.4525	 150.838
 46.4526	 150.788
 46.453	 150.837
 46.4535	 150.835
 46.4539	 150.786
 46.4548	 150.835
 46.4549	 150.784
 46.4556	 150.835
 46.4563	 150.783
 46.4563	 150.835
 46.4576	 150.833
 46.4586	 150.832
 46.4593	 150.777
 46.4593	 150.778
 46.4593	 150.777
 46.4593	 150.778
 46.4593	 150.777
 46.4593	 150.777
 46.4594	 150.776
 46.4594	 150.777
 46.4594	 150.777
 46.4594	 150.778
 46.4594	 150.778
 46.4595	 150.778
 46.4596	 150.779
 46.4596	 150.778
 46.4596	 150.776
 46.4597	 150.778
 46.4599	 150.778
 46.46	 150.778
 46.4601	 150.776
 46.4601	 150.778
 46.4601	 150.779
 46.4601	 150.83
 46.4601	 150.777
 46.4602	 150.777
 46.4614	 150.78
 46.4626	 150.828
 46.4644	 150.78
 46.4649	 150.827
 46.4649	 150.779
 46.4661	 150.778
 46.4683	 150.778
 46.4691	 150.779
 46.4696	 150.779
 46.4702	 150.783
 46.4704	 150.78
 46.4707	 150.781
 46.4708	 150.784
 46.4713	 150.84
 46.4713	 150.84
 46.4713	 150.84
 46.4714	 150.84
 46.4714	 150.84
 46.4714	 150.841
 46.4715	 150.84
 46.4716	 150.841
 46.4716	 150.84
 46.4716	 150.84
 46.4718	 150.785
 46.4723	 150.784
 46.4728	 150.825
 46.4733	 150.823
 46.4742	 150.785
 46.4743	 150.792
 46.4743	 150.796
 46.4743	 150.823
 46.4743	 150.794
 46.4745	 150.795
 46.4746	 150.795
 46.4747	 150.797
 46.4748	 150.794
 46.4748	 150.788
 46.4749	 150.795
 46.4749	 150.794
 46.4749	 150.79
 46.4749	 150.794
 46.4751	 150.794
 46.4751	 150.797
 46.4751	 150.83
 46.4751	 150.83
 46.4751	 150.83
 46.4751	 150.831
 46.4751	 150.794
 46.4752	 150.83
 46.4752	 150.83
 46.4752	 150.789
 46.4752	 150.832
 46.4752	 150.831
 46.4753	 150.788
 46.4753	 150.789
 46.4753	 150.797
 46.4754	 150.798
 46.4754	 150.83
 46.4754	 150.832
 46.4755	 150.831
 46.4755	 150.789
 46.4755	 150.83
 46.4755	 150.797
 46.4755	 150.829
 46.4756	 150.788
 46.4756	 150.788
 46.4756	 150.831
 46.4756	 150.822
 46.4757	 150.828
 46.4757	 150.828
 46.4757	 150.832
 46.4757	 150.829
 46.4758	 150.788
 46.4758	 150.788
 46.4758	 150.829
 46.4758	 150.832
 46.4758	 150.788
 46.4758	 150.831
 46.4758	 150.832
 46.4758	 150.831
 46.4759	 150.827
 46.4759	 150.828
 46.476	 150.834
 46.476	 150.832
 46.476	 150.834
 46.476	 150.828
 46.476	 150.827
 46.4761	 150.832
 46.4761	 150.828
 46.4762	 150.834
 46.4763	 150.824
 46.4763	 150.835
 46.4763	 150.832
 46.4763	 150.798
 46.4765	 150.832
 46.4765	 150.834
 46.4765	 150.835
 46.4765	 150.834
 46.4766	 150.834
 46.4766	 150.834
 46.4766	 150.834
 46.4766	 150.834
 46.4766	 150.834
 46.4767	 150.832
 46.4769	 150.833
 46.4769	 150.798
 46.4769	 150.825
 46.4771	 150.836
 46.4771	 150.837
 46.4771	 150.833
 46.4773	 150.827
 46.4775	 150.833
 46.4775	 150.837
 46.4775	 150.836
 46.4776	 150.823
 46.4777	 150.797
 46.4777	 150.832
 46.4777	 150.832
 46.4777	 150.837
 46.4777	 150.836
 46.4778	 150.836
 46.4778	 150.836
 46.4778	 150.831
 46.478	 150.831
 46.4781	 150.835
 46.4781	 150.835
 46.4784	 150.798
 46.4784	 150.831
 46.4784	 150.835
 46.4784	 150.835
 46.4785	 150.835
 46.4785	 150.835
 46.4785	 150.835
 46.4786	 150.827
 46.4787	 150.828
 46.4789	 150.828
 46.4789	 150.822
 46.4791	 150.799
 46.4791	 150.818
 46.4791	 150.82
 46.4792	 150.822
 46.4792	 150.828
 46.4793	 150.817
 46.4793	 150.82
 46.4794	 150.828
 46.4794	 150.829
 46.4796	 150.828
 46.4797	 150.829
 46.4797	 150.801
 46.4798	 150.828
 46.4799	 150.829
 46.4802	 150.815
 46.4812	 150.801
 46.4819	 150.813
 46.4825	 150.813
 46.4826	 150.802
 46.483	 150.804
 46.483	 150.804
 46.4834	 150.804
 46.4834	 150.802
 46.4835	 150.803
 46.4835	 150.813
 46.4838	 150.804
 46.4841	 150.813
 46.4844	 150.812
 46.4845	 150.812
 46.4845	 150.804
 46.4847	 150.805
 46.4848	 150.811
 46.485	 150.807
 46.4853	 150.809
 46.4954	 150.855
 46.4958	 150.863
 46.4959	 150.862
 46.4959	 150.865
 46.4961	 150.864
 46.4963	 150.866
 46.4965	 150.853
 46.4966	 150.869
 46.4967	 150.862
 46.4968	 150.868
 46.4969	 150.86
 46.497	 150.85
 46.497	 150.865
 46.4971	 150.849
 46.4973	 150.851
 46.4973	 150.865
 46.4975	 150.867
 46.4976	 150.849
 46.4985	 150.846
 46.4987	 150.846
 46.4988	 150.841
 46.4989	 150.845
 46.499	 150.87
 46.499	 150.846
 46.499	 150.847
 46.4991	 150.846
 46.4992	 150.842
 46.4992	 150.84
 46.4994	 150.845
 46.4996	 150.871
 46.4997	 150.876
 46.4998	 150.843
 46.5001	 150.875
 46.5002	 150.872
 46.5003	 150.839
 46.5007	 150.877
 46.5016	 150.877
 46.5024	 150.839
 46.5028	 150.879
 46.5033	 150.838
 46.5036	 150.881
 46.5047	 150.882
 46.505	 150.838
 46.5051	 150.882
 46.5053	 150.834
 46.5053	 150.882
 46.5055	 150.833
 46.5059	 150.882
 46.5059	 150.832
 46.5063	 150.882
 46.5065	 150.882
 46.5067	 150.884
 46.5071	 150.885
 46.5075	 150.885
 46.5081	 150.885
 46.5087	 150.829
 46.5088	 150.884
 46.5101	 150.884
 46.5107	 150.83
 46.5116	 150.884
 46.5119	 150.893
 46.512	 150.893
 46.512	 150.834
 46.5122	 150.892
 46.5126	 150.901
 46.5127	 150.9
 46.5128	 150.903
 46.513	 150.894
 46.5131	 150.892
 46.5131	 150.886
 46.5131	 150.895
 46.5132	 150.896
 46.5132	 150.898
 46.5135	 150.888
 46.5137	 150.904
 46.514	 150.835
 46.5143	 150.904
 46.5151	 150.904
 46.5156	 150.903
 46.5161	 150.836
 46.5166	 150.901
 46.5171	 150.901
 46.5181	 150.899
 46.5182	 150.898
 46.5182	 150.899
 46.5185	 150.898
 46.5188	 150.898
 46.5188	 150.836
 46.519	 150.897
 46.5191	 150.898
 46.5193	 150.898
 46.5201	 150.897
 46.5204	 150.898
 46.5206	 150.842
 46.521	 150.899
 46.5219	 150.898
 46.5222	 150.897
 46.5226	 150.898
 46.5226	 150.897
 46.5228	 150.899
 46.5233	 150.899
 46.5239	 150.896
 46.5242	 150.843
 46.5245	 150.896
 46.5251	 150.896
 46.5257	 150.846
 46.5266	 150.898
 46.5268	 150.9
 46.5286	 150.9
 46.529	 150.849
 46.5296	 150.9
 46.5303	 150.85
 46.5306	 150.898
 46.5311	 150.897
 46.5314	 150.851
 46.5319	 150.851
 46.5324	 150.852
 46.5325	 150.893
 46.5328	 150.892
 46.5329	 150.852
 46.5336	 150.852
 46.5338	 150.917
 46.5338	 150.919
 46.534	 150.892
 46.534	 150.852
 46.5345	 150.852
 46.5348	 150.915
 46.5353	 150.918
 46.5353	 150.853
 46.5356	 150.894
 46.5357	 150.914
 46.5364	 150.853
 46.5369	 150.912
 46.537	 150.858
 46.537	 150.854
 46.5372	 150.895
 46.5374	 150.855
 46.5375	 150.855
 46.5377	 150.91
 46.5379	 150.916
 46.5385	 150.896
 46.5386	 150.861
 46.539	 150.897
 46.5394	 150.862
 46.5396	 150.915
 46.5401	 150.898
 46.5406	 150.865
 46.5409	 150.908
 46.541	 150.9
 46.5411	 150.914
 46.5413	 150.905
 46.5417	 150.903
 46.5417	 150.903
 46.5418	 150.904
 46.5419	 150.865
 46.542	 150.868
 46.5421	 150.867
 46.5421	 150.913
 46.5429	 150.911
 46.543	 150.904
 46.5432	 150.91
 46.5437	 150.91
 46.5438	 150.899
 46.544	 150.906
 46.5442	 150.898
 46.5442	 150.872
 46.5446	 150.908
 46.5447	 150.908
 46.5453	 150.876
 46.5458	 150.893
 46.546	 150.885
 46.5461	 150.881
 46.7013	 150.74
 46.7014	 150.739
 46.7014	 150.74
 46.7015	 150.74
 46.7015	 150.74
 46.7015	 150.74
 46.7021	 150.741
 46.7021	 150.741
 46.7022	 150.741
 46.7022	 150.741
 46.7023	 150.741
 46.7023	 150.741
 46.7023	 150.741
 46.7023	 150.741
 46.7024	 150.741
 46.7024	 150.741
 46.7024	 150.742
 46.7025	 150.739
 46.7025	 150.739
 46.7026	 150.739
 46.7026	 150.739
 46.7027	 150.739
 46.7027	 150.739
 46.7028	 150.742
 46.7028	 150.742
 46.7031	 150.735
 46.7031	 150.735
 46.7032	 150.735
 46.7033	 150.735
 46.7034	 150.735
 46.7034	 150.735
 46.7034	 150.735
 46.7035	 150.734
 46.7035	 150.735
 46.7036	 150.743
 46.7036	 150.739
 46.7037	 150.734
 46.7038	 150.736
 46.7038	 150.738
 46.7039	 150.743
 46.7039	 150.735
 46.7039	 150.744
 46.704	 150.744
 46.704	 150.736
 46.7041	 150.744
 46.7042	 150.734
 46.7044	 150.744
 46.7045	 150.744
 46.7045	 150.743
 46.705	 150.733
 46.7051	 150.734
 46.7052	 150.733
 46.7052	 150.743
 46.7059	 150.732
 46.7064	 150.732
 46.7066	 150.744
 46.7069	 150.731
 46.7072	 150.744
 46.7075	 150.745
 46.7078	 150.745
 46.7078	 150.73
 46.7081	 150.745
 46.7084	 150.728
 46.709	 150.728
 46.7094	 150.723
 46.7094	 150.723
 46.7095	 150.723
 46.7096	 150.723
 46.7096	 150.723
 46.7096	 150.723
 46.7096	 150.746
 46.7097	 150.723
 46.7097	 150.723
 46.7097	 150.727
 46.7097	 150.723
 46.7098	 150.723
 46.7098	 150.746
 46.7098	 150.723
 46.7098	 150.723
 46.7098	 150.723
 46.7099	 150.746
 46.7105	 150.725
 46.7106	 150.747
 46.7108	 150.72
 46.7108	 150.72
 46.711	 150.72
 46.711	 150.72
 46.711	 150.72
 46.711	 150.747
 46.7111	 150.72
 46.7111	 150.72
 46.7113	 150.747
 46.7115	 150.747
 46.7117	 150.724
 46.7117	 150.748
 46.7119	 150.723
 46.712	 150.748
 46.7122	 150.748
 46.7124	 150.722
 46.7127	 150.748
 46.7128	 150.722
 46.713	 150.748
 46.7133	 150.749
 46.7133	 150.721
 46.7134	 150.721
 46.7141	 150.749
 46.7142	 150.72
 46.7142	 150.72
 46.7142	 150.72
 46.7144	 150.749
 46.7144	 150.72
 46.7145	 150.749
 46.7148	 150.749
 46.7149	 150.719
 46.715	 150.719
 46.715	 150.718
 46.715	 150.718
 46.715	 150.718
 46.7151	 150.75
 46.7152	 150.719
 46.7152	 150.719
 46.7153	 150.718
 46.7153	 150.715
 46.7154	 150.716
 46.7155	 150.715
 46.7155	 150.716
 46.7156	 150.716
 46.7156	 150.715
 46.7157	 150.75
 46.7158	 150.716
 46.7158	 150.716
 46.7158	 150.715
 46.7159	 150.718
 46.7161	 150.75
 46.7164	 150.717
 46.7164	 150.751
 46.7165	 150.751
 46.7165	 150.751
 46.7166	 150.751
 46.7166	 150.751
 46.7166	 150.751
 46.7168	 150.75
 46.7172	 150.75
 46.7172	 150.717
 46.7177	 150.75
 46.7182	 150.716
 46.7183	 150.75
 46.7188	 150.715
 46.7188	 150.715
 46.7188	 150.715
 46.7189	 150.714
 46.7189	 150.715
 46.7189	 150.715
 46.7189	 150.715
 46.7189	 150.715
 46.7189	 150.715
 46.719	 150.715
 46.719	 150.715
 46.719	 150.714
 46.719	 150.715
 46.719	 150.715
 46.7191	 150.714
 46.7191	 150.714
 46.7191	 150.714
 46.7193	 150.714
 46.7193	 150.714
 46.7194	 150.714
 46.7194	 150.714
 46.7194	 150.714
 46.7194	 150.714
 46.7195	 150.714
 46.7195	 150.714
 46.7195	 150.714
 46.7195	 150.714
 46.7195	 150.714
 46.7195	 150.714
 46.7198	 150.75
 46.7201	 150.712
 46.7201	 150.712
 46.7201	 150.712
 46.7202	 150.713
 46.7202	 150.712
 46.7203	 150.712
 46.7204	 150.712
 46.7204	 150.712
 46.7204	 150.712
 46.7205	 150.712
 46.7207	 150.712
 46.7211	 150.71
 46.7211	 150.751
 46.7215	 150.75
 46.7217	 150.709
 46.7224	 150.708
 46.7227	 150.75
 46.723	 150.75
 46.7233	 150.708
 46.7237	 150.749
 46.7238	 150.708
 46.724	 150.709
 46.7244	 150.709
 46.7245	 150.749
 46.7251	 150.749
 46.7258	 150.749
 46.7264	 150.749
 46.7267	 150.749
 46.7271	 150.71
 46.7276	 150.749
 46.7278	 150.749
 46.7281	 150.749
 46.7282	 150.711
 46.7284	 150.749
 46.7285	 150.711
 46.7287	 150.711
 46.7287	 150.749
 46.729	 150.748
 46.7297	 150.747
 46.7298	 150.711
 46.73	 150.711
 46.7305	 150.747
 46.7308	 150.711
 46.7309	 150.709
 46.731	 150.709
 46.7311	 150.71
 46.7312	 150.711
 46.7312	 150.709
 46.7313	 150.709
 46.7313	 150.709
 46.7314	 150.711
 46.7317	 150.709
 46.7319	 150.71
 46.7319	 150.709
 46.732	 150.711
 46.732	 150.709
 46.732	 150.711
 46.732	 150.709
 46.7321	 150.71
 46.7322	 150.709
 46.7322	 150.713
 46.7322	 150.711
 46.7323	 150.709
 46.7323	 150.71
 46.7323	 150.709
 46.7323	 150.709
 46.7324	 150.71
 46.7324	 150.712
 46.7324	 150.712
 46.7325	 150.713
 46.7325	 150.71
 46.7325	 150.712
 46.7325	 150.711
 46.7325	 150.711
 46.7326	 150.713
 46.7326	 150.71
 46.7327	 150.713
 46.7327	 150.744
 46.7327	 150.712
 46.7328	 150.713
 46.7328	 150.71
 46.7328	 150.71
 46.7329	 150.712
 46.7329	 150.71
 46.7329	 150.71
 46.733	 150.712
 46.733	 150.712
 46.733	 150.713
 46.7333	 150.713
 46.7335	 150.713
 46.7336	 150.714
 46.7337	 150.713
 46.7338	 150.743
 46.734	 150.743
 46.7344	 150.714
 46.7345	 150.742
 46.7346	 150.714
 46.7349	 150.714
 46.735	 150.74
 46.7352	 150.739
 46.7353	 150.738
 46.7354	 150.737
 46.7354	 150.715
 46.7355	 150.737
 46.7355	 150.737
 46.7356	 150.714
 46.7356	 150.714
 46.7357	 150.714
 46.7358	 150.736
 46.7358	 150.716
 46.736	 150.714
 46.736	 150.714
 46.736	 150.714
 46.736	 150.734
 46.7361	 150.716
 46.7364	 150.716
 46.7367	 150.732
 46.7367	 150.732
 46.7367	 150.714
 46.7367	 150.715
 46.7369	 150.714
 46.7369	 150.715
 46.737	 150.73
 46.7371	 150.714
 46.7371	 150.714
 46.7372	 150.713
 46.7372	 150.73
 46.7372	 150.716
 46.7373	 150.717
 46.7374	 150.713
 46.7375	 150.714
 46.7375	 150.714
 46.7375	 150.717
 46.7375	 150.718
 46.7376	 150.729
 46.7378	 150.718
 46.738	 150.724
 46.738	 150.723
 46.738	 150.723
 46.7381	 150.718
 46.7381	 150.722
 46.7381	 150.726
 46.7381	 150.718
 46.7382	 150.723
 46.7382	 150.718
 46.7382	 150.722
 46.7384	 150.717
 46.7384	 150.722
 46.7384	 150.718
 46.7385	 150.719
 46.7385	 150.717
 46.7386	 150.719
 46.7386	 150.722
 46.7387	 150.719
 46.7387	 150.718
 46.7387	 150.722
 46.7388	 150.721
 46.7389	 150.717
 46.7389	 150.717
 46.7389	 150.719
 46.739	 150.717
 46.739	 150.717
 46.739	 150.721
 46.7392	 150.728
 46.7392	 150.72
 46.7392	 150.72
 46.7393	 150.72
 46.7393	 150.72
 46.7393	 150.727
 46.7393	 150.728
 46.7393	 150.719
 46.7393	 150.719
 46.7394	 150.721
 46.7394	 150.718
 46.7394	 150.728
 46.7395	 150.727
 46.7395	 150.721
 46.7395	 150.721
 46.7395	 150.719
 46.7395	 150.728
 46.7396	 150.72
 46.7396	 150.728
 46.7396	 150.728
 46.7396	 150.719
 46.7397	 150.719
 46.7398	 150.719
 46.7398	 150.718
 46.7399	 150.718
 46.7399	 150.719
 46.7402	 150.717
 46.7403	 150.718
 46.7404	 150.718
 46.7404	 150.718
 46.7404	 150.718
 46.7405	 150.718
 46.7405	 150.718
 46.7405	 150.718
