-77.989425 40.0102979
-77.97862910000001 40.0921908
-77.96766460000001 40.1609526
-77.9567351 40.2147045
-77.9432534 40.274055
-77.926225 40.3535047
-77.91976510000001 40.3810546
-77.91817020000001 40.9434042
-77.9179553 40.9415882
-77.9179152 40.9467417
-77.9172737 40.9410762
-77.9171946 40.9519085
-77.9145311 40.943182
-77.91375050000001 40.4028276
-77.91330619999999 40.9449278
-77.912285 40.9815135
-77.910876 40.4116111
-77.91073400000001 40.9941634
-77.9101945 40.9518602
-77.9080886 40.4190256
-77.9047168 40.9684013
-77.8992109 40.4384126
-77.8933317 40.4525532
-77.8878557 40.4671765
-77.88291150000001 40.4818331
-77.8786417 40.4961318
-77.87516220000001 40.5096306
-77.87262269999999 40.5219687
-77.8711392 40.5327053
-77.87072190000001 40.9427637
-77.87031589999999 40.5441817
-77.8696601 40.558001
-77.8692396 40.5723798
-77.86890390000001 40.6040643
-77.86816349999999 40.6325613
-77.867013 40.6672469
-77.8651871 40.8797674
-77.8641327 40.7405915
-77.86380680000001 40.8597096
-77.86314369999999 40.7710933
-77.86291749999999 40.8400717
-77.8625988 40.7969949
-77.86251919999999 40.8195874
